note	1.31868	0.0789834	38	127	9
note	1.65865	0.0618131	38	127	9
note	1.65865	0.113324	44	127	9
note	1.66895	0.20261	79	110	0
note	1.875	0.0480769	38	127	9
note	1.32898	0.628433	53	70	0
note	1.31868	0.652472	62	70	0
note	1.31868	0.65934	57	73	0
note	1.98489	0.0377747	38	127	1
note	1.89217	0.133928	81	85	0
note	-1	3.04327	38	-1	9
note	2.03983	0.182005	76	82	0
note	2.32143	0.054945	38	127	9
note	2.24588	0.133928	74	79	0
note	2.31112	0.0995878	44	127	9
note	2.00893	0.546016	45	110	1
note	2.55494	0.0206044	38	93	9
note	-1	3.59272	38	-1	1
note	2.64079	0.0652472	38	127	9
note	2.57555	0.130494	81	98	0
note	2.88461	0.103022	81	98	0
note	2.97733	0.0446428	38	127	9
note	2.96703	0.113324	44	127	9
note	2.99107	0.120192	79	93	0
note	3.11126	0.0618131	77	85	0
note	3.19711	0.0412087	38	127	9
note	2.63736	0.628433	46	103	1
note	3.19711	0.0858516	76	82	0
note	3.30013	0.0721153	38	127	9
note	3.32074	0.226648	74	64	0
note	2.57898	0.97184	53	70	0
note	2.56868	0.98901	62	76	0
note	2.57211	1.00961	58	64	0
note	-1	4.59546	38	-1	1
note	3.64697	0.0480769	38	127	9
note	3.63667	0.106456	44	127	9
note	3.64354	0.195742	72	98	0
note	3.6195	0.247253	46	103	1
note	3.86675	0.0274725	38	127	1
note	-1	4.9114	38	-1	9
note	3.96978	0.0652472	38	127	9
note	3.94917	0.182005	47	103	1
note	4.28914	0.0480769	38	127	9
note	4.28914	0.10989	44	127	9
note	3.88049	0.539148	69	73	0
note	3.90453	0.546016	53	57	0
note	3.88736	0.570054	62	55	0
note	3.90109	0.570054	59	59	0
note	3.88392	0.600961	57	55	0
note	4.49862	0.0446428	38	127	9
note	-1	5.59478	38	-1	1
note	4.61195	0.0480769	38	127	9
note	4.82142	0.147665	72	103	0
note	4.94505	0.0446428	38	127	9
note	4.93475	0.106456	44	127	9
note	5.0412	0.0789834	75	85	0
note	4.61538	0.56662	41	110	1
note	5.18887	0.0274725	38	82	9
note	-1	6.23008	38	-1	1
note	5.12019	0.130494	76	85	0
note	5.26785	0.0583791	38	127	9
note	5.59409	0.0446428	38	127	9
note	5.59752	0.113324	44	127	9
note	5.8173	0.0412088	38	127	9
note	5.26785	0.621565	45	103	1
note	5.92376	0.054945	38	103	9
note	5.30219	0.807005	69	70	0
note	5.92376	0.199176	60	67	0
note	5.92376	0.20261	54	59	0
note	5.92032	0.209478	63	55	0
note	5.91346	0.226648	58	52	0
note	6.27747	0.0480769	38	127	9
note	6.27747	0.12706	44	127	9
note	6.48351	0.0480769	38	127	9
note	-1	7.53502	38	-1	1
note	6.5934	0.0721153	38	127	9
note	6.92994	0.0446428	38	127	9
note	6.5831	0.449862	57	70	0
note	6.58997	0.442994	53	59	0
note	6.57623	0.467033	62	62	0
note	6.93681	0.10989	44	127	9
note	6.5831	0.463598	58	47	0
note	6.5728	0.611263	43	98	1
note	7.15659	0.0446428	38	127	9
note	7.25617	0.0686812	38	127	9
note	7.47939	0.133928	77	119	0
note	7.58584	0.0412087	38	127	9
note	7.57554	0.10989	44	127	9
note	7.60988	0.147665	78	98	0
note	7.78845	0.0446428	38	127	9
note	7.25961	0.597527	45	110	1
note	7.89491	0.0686812	38	127	9
note	7.79189	0.20261	79	82	0
note	7.92238	0.188873	46	98	1
note	8.11812	0.151099	77	103	0
note	8.24175	0.0480769	38	127	9
note	8.23832	0.0961538	44	127	9
note	8.37911	0.0995878	76	110	0
note	8.47527	0.0412088	38	127	9
note	8.11126	0.429258	36	110	1
note	8.4787	0.120192	74	93	0
note	8.57142	0.0583791	38	127	9
note	7.80906	0.916895	57	67	0
note	7.79532	0.958103	62	51	0
note	7.80219	0.964972	52	55	0
note	7.80219	0.985576	58	48	0
note	8.64354	0.157967	72	67	0
note	8.91139	0.0412087	38	127	9
note	8.89422	0.113324	44	127	9
note	8.89079	0.182005	74	93	0
note	8.56799	0.56662	40	98	1
note	9.11744	0.0412087	38	127	9
note	9.22389	0.0686812	38	127	9
note	9.557	0.0480769	38	127	9
note	9.54669	0.0995878	44	127	9
note	9.13461	0.511675	69	62	0
note	9.14834	0.515109	55	62	0
note	9.15864	0.515109	60	54	0
note	9.15864	0.515109	57	62	0
note	9.78021	0.0515109	38	127	9
note	9.23419	0.614697	41	110	1
note	9.88323	0.0515109	38	127	9
note	10.2301	0.0446428	38	127	9
note	10.1305	0.161401	76	93	0
note	10.206	0.10989	44	127	9
note	10.3365	0.0961538	74	93	0
note	9.91757	0.528846	45	103	1
note	10.4533	0.0480769	38	127	9
note	10.4602	0.0789834	41	79	1
note	10.5563	0.0652472	38	127	9
note	10.57	0.195742	46	103	1
note	10.57	0.240384	64	82	0
note	10.8928	0.0446428	38	127	9
note	10.8722	0.106456	44	127	9
note	11.0233	0.0824175	65	89	0
note	11.1092	0.0446428	38	127	9
note	10.7692	0.429258	34	103	1
note	11.2053	0.0686813	38	127	9
note	11.5522	0.0480769	38	127	9
note	11.5316	0.0995878	44	127	9
note	11.2431	0.398351	62	70	0
note	11.4595	0.182005	81	85	0
note	10.7933	0.858516	57	76	0
note	10.7933	0.868818	58	51	0
note	11.6895	0.0618131	79	89	0
note	11.2088	0.583791	41	103	1
note	11.7754	0.0412088	38	127	9
note	11.8716	0.0686813	38	127	9
note	12.2047	0.0480769	38	127	9
note	12.1119	0.168269	62	85	0
note	12.1909	0.116758	44	127	9
note	-1	13.3249	38	-1	1
note	12.1085	0.226648	50	82	0
note	12.4244	0.0446428	38	127	9
note	12.3214	0.199176	67	98	0
note	12.3317	0.188873	55	93	0
note	12.3111	0.223214	43	103	1
note	12.5309	0.0686813	38	127	9
note	12.5412	0.171703	60	89	0
note	12.5343	0.188873	72	98	0
note	12.5378	0.206044	48	110	1
note	12.8709	0.0446428	38	127	9
note	12.8365	0.113324	44	127	9
note	12.7507	0.206044	65	103	0
note	12.7575	0.209478	53	89	0
note	12.7644	0.21978	41	103	1
note	12.9602	0.0721153	58	89	0
note	12.9636	0.0858516	70	93	0
note	13.0872	0.0412087	38	127	9
note	12.9842	0.20261	46	103	1
note	13.1834	0.0686812	38	127	9
note	13.5371	0.0412088	38	127	9
note	13.5062	0.106456	44	127	9
note	13.7466	0.0480769	38	127	9
note	13.1868	0.621565	71	89	0
note	13.1834	0.635302	63	82	0
note	13.1765	0.645604	66	89	0
note	13.1834	0.645604	61	79	0
note	13.1971	0.635302	57	93	0
note	13.1799	0.65934	75	89	0
note	13.1868	0.67651	51	98	1
note	13.8564	0.0583791	38	127	9
note	14.193	0.0480769	38	127	9
note	14.1724	0.103022	44	127	9
note	14.4162	0.0515109	38	127	9
note	13.8702	0.600961	49	98	1
note	14.5261	0.0583791	38	127	9
note	14.5158	0.257555	55	67	0
note	14.5123	0.264423	57	70	0
note	14.5192	0.271291	60	55	0
note	14.8592	0.0412087	38	127	9
note	14.8386	0.0961538	44	127	9
note	14.7768	0.157967	68	93	0
note	14.9759	0.0858516	69	98	0
note	14.5158	0.600961	50	103	1
note	15.079	0.0480769	38	127	9
note	15.0961	0.0412087	65	89	0
note	15.1751	0.0583791	38	127	9
note	15.2266	0.171703	79	98	0
note	15.4327	0.10989	63	76	0
note	15.4395	0.10989	57	85	0
note	15.5082	0.0446428	38	127	9
note	15.5014	0.0995878	44	127	9
note	15.4361	0.223214	77	85	0
note	15.182	0.594093	48	98	1
note	15.7314	0.0480769	38	127	9
note	15.831	0.0686813	38	127	9
note	15.7555	0.281593	76	76	0
note	15.7623	0.274725	62	67	0
note	15.7692	0.267857	56	62	0
note	16.068	0.123626	77	98	0
note	16.1607	0.0446428	38	127	9
note	16.1401	0.103022	44	127	9
note	16.1847	0.137362	76	93	0
note	15.8276	0.614697	46	98	1
note	16.3942	0.0480769	38	127	9
note	16.4972	0.0686812	38	127	9
note	16.3736	0.326236	69	76	0
note	16.3976	0.305632	65	54	0
note	16.3908	0.315934	55	57	0
note	16.3839	0.333104	61	57	0
note	16.8338	0.0446428	38	127	9
note	16.8269	0.0961537	44	127	9
note	16.4972	0.521977	45	98	1
note	17.0467	0.0480769	38	127	9
note	17.1497	0.0755494	38	127	9
note	17.4828	0.0480769	38	127	9
note	17.4828	0.0961537	44	127	9
note	17.4862	0.192308	79	119	0
note	17.6957	0.0412088	38	127	9
note	17.7953	0.00343406	38	127	1
note	17.7095	0.137363	81	85	0
note	17.1669	0.693681	53	59	0
note	-1	18.8674	38	-1	9
note	17.1669	0.707417	62	57	0
note	17.1703	0.707417	57	70	0
note	17.8503	0.182005	76	76	0
note	18.1525	0.0480769	38	127	9
note	18.0597	0.164835	74	73	0
note	18.1284	0.103022	44	127	9
note	17.8125	0.535714	45	103	1
note	18.3585	0.0412087	38	89	9
note	-1	19.4031	38	-1	1
note	18.3585	0.144231	81	93	0
note	18.4615	0.0686812	38	127	9
note	18.6504	0.0995878	81	103	0
note	18.7912	0.0412087	38	127	9
note	18.7568	0.10989	79	93	0
note	18.7878	0.0927197	44	127	9
note	18.8633	0.0755494	77	79	0
note	18.9869	0.0446428	38	127	9
note	18.9492	0.10989	76	82	0
note	18.4443	0.662774	46	93	1
note	19.0934	0.0686813	38	127	9
note	18.3757	0.947801	53	70	0
note	19.0934	0.230082	74	67	0
note	18.3722	0.961537	62	70	0
note	18.3688	0.978708	58	57	0
note	-1	20.4265	38	-1	1
note	19.4402	0.0480769	38	127	9
note	19.4368	0.103022	44	127	9
note	19.4196	0.216346	72	103	0
note	19.4402	0.254121	46	103	1
note	19.6463	0.0480769	38	127	9
note	19.7012	0.0412088	38	85	1
note	19.7596	0.0686813	38	127	9
note	19.7836	0.20261	47	103	1
note	20.0996	0.0480769	38	127	9
note	20.079	0.103022	44	127	9
note	19.6634	0.624999	69	73	0
note	19.6875	0.611263	53	62	0
note	19.6909	0.624999	62	52	0
note	19.684	0.64217	57	67	0
note	19.6943	0.631867	59	57	0
note	20.309	0.0446428	38	127	9
note	20.4086	0.0721153	38	127	9
note	-1	21.7177	38	-1	1
note	20.7383	0.0480769	38	127	9
note	20.6593	0.144231	72	110	0
note	20.7246	0.103022	44	127	9
note	20.8722	0.0927197	75	89	0
note	20.752	0.23695	41	110	1
note	20.9821	0.0240384	38	82	9
note	-1	22.0302	38	-1	1
note	20.9581	0.130494	76	93	0
note	21.0645	0.0652472	38	127	9
note	21.4079	0.0446428	38	127	9
note	21.3667	0.0995878	44	127	9
note	21.6415	0.0480769	38	127	9
note	21.0817	0.624999	45	103	1
note	21.741	0.0686813	38	98	9
note	21.1401	0.76923	69	57	0
note	21.7548	0.188873	60	76	0
note	21.7376	0.216346	63	70	0
note	21.7479	0.21978	58	62	0
note	21.7548	0.21978	54	64	0
note	-1	23.0535	38	-1	1
note	22.0673	0.0480769	38	127	9
note	22.0535	0.0961537	44	127	9
note	22.0742	0.216346	45	110	1
note	22.2871	0.0446428	38	127	1
note	-1	23.3317	38	-1	9
note	22.3935	0.0686813	38	127	9
note	22.3832	0.291895	43	98	1
note	22.7369	0.0480769	38	127	9
note	22.7198	0.0995878	44	127	9
note	22.7335	0.247253	45	110	1
note	22.9567	0.0480769	38	127	9
note	22.4107	0.594093	53	67	0
note	22.4107	0.600961	58	51	0
note	22.421	0.590659	62	57	0
note	22.4141	0.604395	57	67	0
note	23.0632	0.0652472	38	127	9
note	23.0529	0.250687	46	98	1
note	23.3791	0.0412087	38	127	9
note	23.3001	0.130494	77	119	0
note	23.3825	0.10989	44	127	9
note	23.4237	0.137363	78	98	0
note	23.5989	0.0480769	38	127	9
note	23.3791	0.281593	43	98	1
note	23.695	0.0721153	38	127	9
note	23.6092	0.212912	79	93	0
note	23.7088	0.322802	36	89	1
note	24.035	0.0480769	38	127	9
note	23.9457	0.154533	77	119	0
note	24.0213	0.0858516	44	127	9
note	23.6263	0.624999	62	54	0
note	23.6332	0.621565	57	73	0
note	23.6229	0.638736	52	59	0
note	23.6298	0.638736	58	51	0
note	24.1964	0.0824175	76	98	0
note	24.059	0.23695	48	119	1
note	24.2617	0.0480769	38	127	9
note	24.2994	0.0480769	36	76	1
note	24.2926	0.103022	74	85	0
note	24.3715	0.0652472	38	127	9
note	24.4231	0.20261	72	73	0
note	24.3853	0.278159	46	103	1
note	24.7046	0.0480769	38	127	9
note	24.6875	0.0995878	44	127	9
note	24.7115	0.175137	74	98	0
note	24.7012	0.278159	40	98	1
note	24.9382	0.0412087	38	127	9
note	25.0481	0.0721153	38	127	9
note	25.0206	0.302198	41	98	1
note	25.3743	0.0412087	38	127	9
note	24.9588	0.473901	60	52	0
note	24.9588	0.473901	55	67	0
note	24.9656	0.473901	57	64	0
note	25.364	0.103022	44	127	9
note	24.9382	0.563186	69	70	0
note	25.6044	0.0480769	38	127	9
note	25.3777	0.278159	43	93	1
note	25.7108	0.0721153	38	127	9
note	25.6937	0.271291	45	98	1
note	26.0062	0.0412087	38	127	9
note	25.91	0.140797	76	103	0
note	26.0233	0.0927197	44	127	9
note	26.1298	0.0892856	74	110	0
note	26.2362	0.0515109	38	127	9
note	26.0165	0.274725	41	93	1
note	26.3393	0.0721153	38	127	9
note	26.3667	0.226648	64	85	0
note	26.353	0.32967	34	85	1
note	26.6689	0.0412087	38	127	9
note	26.6518	0.0961537	44	127	9
note	26.8029	0.0755494	65	103	0
note	26.8956	0.0412087	38	127	9
note	26.6861	0.271291	46	110	1
note	26.9368	0.0652472	34	82	1
note	27.002	0.0686812	38	127	9
note	27.0329	0.288461	45	110	1
note	27.3489	0.0446428	38	127	9
note	27.3248	0.106456	44	127	9
note	27.2424	0.188873	81	93	0
note	27.0123	0.432692	62	85	0
note	26.5865	0.868818	57	79	0
note	26.5899	0.872252	58	57	0
note	27.4794	0.0755494	79	93	0
note	27.5515	0.0480769	38	127	9
note	27.3454	0.291895	41	103	1
note	27.6717	0.0721153	38	127	9
note	27.9979	0.0446428	38	127	9
note	27.9601	0.0995878	44	127	9
note	27.9018	0.164835	62	82	0
note	27.8983	0.230082	50	70	0
note	-1	29.1524	38	-1	1
note	28.2074	0.0446428	38	127	9
note	28.1284	0.199176	67	98	0
note	28.1318	0.199176	55	98	0
note	28.1353	0.230082	43	110	1
note	28.307	0.0652472	38	127	9
note	28.3585	0.182005	60	89	0
note	28.3482	0.209478	72	98	0
note	28.3551	0.212912	48	110	1
note	28.6504	0.0480769	38	127	9
note	28.6401	0.106456	44	127	9
note	28.5783	0.199176	65	103	0
note	28.5817	0.206044	53	93	0
note	28.5886	0.206044	41	98	1
note	28.7809	0.0686813	58	89	0
note	28.7843	0.0824175	70	93	0
note	28.8667	0.0480769	38	127	9
note	28.7877	0.199176	46	103	1
note	28.9801	0.0686812	38	127	9
note	29.3063	0.0412087	38	127	9
note	29.3166	0.106456	44	127	9
note	29.5364	0.0480769	38	127	9
note	28.9801	0.631867	63	89	0
note	28.9835	0.631867	71	93	0
note	28.9766	0.652472	66	93	0
note	28.9869	0.645604	61	79	0
note	28.9938	0.638736	57	89	0
note	28.9801	0.65934	51	98	1
note	28.9732	0.679944	75	89	0
note	29.6394	0.0721153	38	127	9
note	29.9862	0.0446428	38	127	9
note	29.9691	0.0995878	44	127	9
note	30.206	0.0412088	38	127	9
note	29.6463	0.649038	49	98	1
note	30.3125	0.0686813	38	127	9
note	30.2953	0.216346	55	73	0
note	30.2987	0.212912	57	67	0
note	30.2987	0.23695	60	59	0
note	30.6147	0.0480769	38	127	9
note	30.6318	0.0961537	44	127	9
note	30.5426	0.216346	68	98	0
note	30.7589	0.0858516	69	98	0
note	30.3022	0.576922	50	103	1
note	30.8447	0.0480769	38	127	9
note	30.8825	0.0446428	65	89	0
note	30.8997	0.0446428	41	82	1
note	30.9409	0.0686812	38	127	9
note	30.989	0.188873	79	89	0
note	31.2019	0.0824175	63	76	0
note	31.2019	0.0927197	57	89	0
note	31.2912	0.0446428	38	127	9
note	31.1985	0.188873	77	85	0
note	31.298	0.103022	44	127	9
note	31.5178	0.0446428	38	127	9
note	30.9684	0.666208	48	103	1
note	31.6208	0.0721153	38	127	9
note	31.5281	0.274725	62	76	0
note	31.5419	0.264423	56	64	0
note	31.5213	0.288461	76	79	0
note	31.8372	0.12706	77	98	0
note	31.978	0.0515109	38	127	9
note	31.954	0.0961538	44	127	9
note	31.9608	0.144231	76	98	0
note	32.2046	0.0412088	38	127	9
note	31.6552	0.655906	46	98	1
note	32.2974	0.0652472	38	127	9
note	32.3008	0.120192	35	127	9
note	32.4141	0.0755494	39	127	9
note	32.6236	0.0652472	38	127	9
note	32.6064	0.103022	44	127	9
note	32.6579	0.0618131	39	127	9
note	32.184	0.611263	69	73	0
note	32.1943	0.600961	65	54	0
note	32.1909	0.611263	61	59	0
note	32.1978	0.604395	55	62	0
note	32.3077	0.539148	45	103	1
note	32.864	0.054945	39	127	9
note	32.9052	0.0480769	33	93	1
note	32.9704	0.054945	55	127	9
note	32.9704	0.0583791	35	127	9
note	33.0048	0.267857	38	89	1
note	33.2417	0.120192	57	110	0
note	33.3207	0.054945	59	127	9
note	33.2932	0.0961537	44	127	9
note	33.3344	0.144231	62	103	0
note	33.4409	0.10989	65	93	0
note	33.3344	0.233516	40	89	1
note	33.5405	0.0480769	59	127	9
note	33.5405	0.0480769	67	85	0
note	33.568	0.0412088	38	85	1
note	33.6401	0.0721153	59	127	9
note	33.6572	0.0824175	67	93	0
note	33.7431	0.0824175	68	89	0
note	33.8152	0.0789834	69	98	0
note	33.6435	0.260989	41	93	1
note	33.9011	0.0789834	74	93	0
note	33.9766	0.0618131	59	127	9
note	33.9491	0.0961537	44	127	9
note	34.011	0.206044	67	82	0
note	34.1964	0.0412088	59	127	9
note	33.9663	0.315934	38	82	1
note	34.2994	0.0686812	59	127	9
note	34.2891	0.250687	46	85	1
note	34.5501	0.0446428	38	59	1
note	34.6153	0.0618131	59	127	9
note	34.5982	0.0927197	44	127	9
note	34.8386	0.0446428	59	127	9
note	34.6222	0.291895	46	89	1
note	34.9382	0.0686813	59	127	9
note	34.9759	0.175137	67	110	0
note	34.8489	0.333104	62	67	0
note	34.8489	0.336538	53	76	0
note	34.8386	0.357143	58	59	0
note	34.9313	0.326236	38	64	1
note	35.1888	0.120192	65	67	0
note	35.2541	0.0652472	59	127	9
note	35.2575	0.0961537	44	127	9
note	35.2987	0.12706	67	89	0
note	35.2747	0.243818	46	93	1
note	35.4945	0.0515109	59	127	9
note	35.5254	0.0446428	38	70	1
note	35.5185	0.0858516	68	93	0
note	35.5975	0.113324	69	89	0
note	35.6215	0.243818	47	82	1
note	35.8619	0.0892856	65	93	0
note	35.9169	0.054945	59	127	9
note	35.91	0.103022	44	127	9
note	35.5528	0.473901	62	54	0
note	35.5563	0.480769	53	59	0
note	-1	37.0474	59	-1	9
note	-1	37.0474	59	-1	0
note	35.546	0.508241	57	67	0
note	36.1332	0.0446428	59	127	9
note	35.9478	0.281593	47	93	1
note	36.2465	0.0686812	59	127	9
note	36.3255	0.157967	65	93	0
note	36.2671	0.302197	38	67	1
note	36.511	0.106456	67	85	0
note	36.6071	0.0480769	59	127	9
note	36.5728	0.103022	44	127	9
note	36.6002	0.21978	47	103	1
note	36.6414	0.192307	65	73	0
note	36.8338	0.0446428	59	127	9
note	36.8406	0.0446428	38	79	1
note	36.923	0.0652472	59	127	9
note	36.9196	0.295329	45	98	1
note	37.2287	0.0480769	59	127	9
note	37.2252	0.0995878	44	127	9
note	37.3248	0.144231	69	119	0
note	37.4588	0.0412087	59	127	9
note	37.2424	0.291895	39	85	1
note	37.5549	0.0652472	59	127	9
note	37.5137	0.12706	70	93	0
note	37.2355	0.408653	60	57	0
note	37.2184	0.432692	58	52	0
note	37.2287	0.429258	54	55	0
note	37.6888	0.161401	66	93	0
note	37.5789	0.305632	38	64	1
note	37.8949	0.0583791	59	127	9
note	37.9017	0.0858516	44	103	9
note	37.9498	0.0892856	68	98	0
note	38.0528	0.0927197	69	79	0
note	-1	39.173	44	-1	1
note	38.1284	0.0446428	59	127	9
note	38.1799	0.0446428	38	73	1
note	38.1215	0.140797	68	70	0
note	38.2245	0.0686813	59	127	9
note	38.2932	0.0927197	67	57	0
note	38.2623	0.250687	43	89	1
note	38.4684	0.123626	65	119	0
note	38.5783	0.054945	59	127	9
note	38.5474	0.10989	44	127	9
note	38.6229	0.0892856	62	85	0
note	38.5851	0.257555	45	98	1
note	38.8015	0.0412088	59	127	9
note	38.7809	0.0995878	58	70	0
note	38.8976	0.0686812	59	127	9
note	38.932	0.192307	57	57	0
note	38.9148	0.3125	46	93	1
note	39.2136	0.0583791	59	127	9
note	39.2239	0.106456	44	127	9
note	39.2582	0.247252	43	93	1
note	39.4608	0.0446428	59	127	9
note	39.502	0.0412087	38	76	1
note	39.5604	0.0686813	59	127	9
note	39.5879	0.254121	48	103	1
note	39.8729	0.054945	59	127	9
note	39.9004	0.106456	44	127	9
note	39.8523	0.171703	54	110	0
note	39.9038	0.250687	43	85	1
note	40.1167	0.0412088	59	127	9
note	40.103	0.0755494	55	93	0
note	40.2094	0.0652472	59	127	9
note	40.23	0.0721153	57	103	0
note	40.3708	0.0892856	58	93	0
note	40.2094	0.291895	36	79	1
note	40.5391	0.0583791	59	127	9
note	40.5322	0.0721153	60	98	0
note	40.5666	0.106456	44	127	9
note	40.5322	0.21978	40	89	1
note	40.6765	0.0858516	61	103	0
note	40.7726	0.0480769	59	127	9
note	40.7898	0.0446428	36	79	1
note	40.831	0.0858516	63	98	0
note	40.8653	0.0686812	59	127	9
note	41.0061	0.0480769	64	85	0
note	40.8653	0.281593	41	89	1
note	41.2019	0.0446428	59	127	9
note	41.1504	0.120192	67	103	0
note	41.2225	0.103022	44	127	9
note	41.2809	0.123626	66	93	0
note	41.4148	0.0480769	59	127	9
note	41.2019	0.285027	43	93	1
note	41.5178	0.0652472	59	127	9
note	41.5762	0.151099	65	93	0
note	41.535	0.295329	45	98	1
note	41.8681	0.054945	59	127	9
note	41.8406	0.103022	44	127	9
note	41.7891	0.192307	60	70	0
note	41.8544	0.250687	41	89	1
note	42.0982	0.0480769	59	127	9
note	42.1153	0.0446428	36	62	1
note	42.2012	0.0618131	59	127	9
note	42.1909	0.278159	46	98	1
note	42.5377	0.0618131	59	127	9
note	42.5103	0.103022	44	127	9
note	42.5103	0.264423	41	98	1
note	42.7678	0.0412087	59	127	9
note	42.7816	0.0412088	65	73	0
note	42.785	0.137363	53	64	0
note	42.7781	0.147665	62	55	0
note	42.7884	0.137363	58	51	0
note	42.864	0.0652472	59	127	9
note	42.7781	0.151099	57	73	0
note	42.912	0.106456	69	98	0
note	42.8365	0.3125	34	82	1
note	43.0906	0.0892856	72	119	0
note	43.1765	0.0618131	59	127	9
note	43.149	0.103022	44	127	9
note	43.2177	0.137363	71	103	0
note	43.1696	0.226648	38	98	1
note	43.41	0.0515109	59	127	9
note	43.4203	0.0721153	34	82	1
note	43.5027	0.0686813	59	127	9
note	43.5027	0.278159	40	85	1
note	43.8221	0.0618131	59	127	9
note	43.798	0.10989	44	127	9
note	43.4134	0.655906	70	85	0
note	43.434	0.662774	52	62	0
note	43.8358	0.271291	42	89	1
note	43.4375	0.669642	62	55	0
note	43.4375	0.669642	57	82	0
note	43.4306	0.683378	58	57	0
note	44.0762	0.0446428	59	127	9
note	44.1723	0.0652472	59	127	9
note	44.1517	0.291895	43	85	1
note	44.4059	0.0721153	81	98	0
note	44.4917	0.0618131	59	127	9
note	44.4848	0.0755494	44	89	9
note	44.5535	0.0927197	84	110	0
note	-1	45.7767	44	-1	1
note	44.7287	0.0480769	59	127	9
note	44.7287	0.103022	83	103	0
note	44.8351	0.0721153	59	127	9
note	44.8935	0.157967	82	103	0
note	44.8283	0.250687	45	110	1
note	45.1682	0.0515109	59	127	9
note	45.1304	0.103022	44	127	9
note	45.1785	0.151099	81	110	0
note	45.1476	0.243818	40	76	1
note	45.388	0.0480769	59	127	9
note	45.4189	0.140797	79	103	0
note	45.4979	0.0652472	59	127	9
note	44.7664	0.824175	60	76	0
note	44.7596	0.837911	65	62	0
note	44.7699	0.827609	55	70	0
note	44.7664	0.837911	61	70	0
note	45.4773	0.291895	33	79	1
note	45.8207	0.054945	59	127	9
note	45.8001	0.0961537	44	127	9
note	45.8379	0.133928	79	110	0
note	45.7932	0.257555	40	110	1
note	46.0405	0.0480769	33	82	1
note	46.0473	0.0515109	59	127	9
note	46.0439	0.0824175	78	103	0
note	46.1538	0.0652472	59	127	9
note	46.1916	0.12706	77	110	0
note	46.48	0.054945	59	127	9
note	46.4594	0.103022	44	127	9
note	46.4285	0.164835	73	70	0
note	46.1366	0.587225	38	85	1
note	46.4491	0.274725	60	47	0
note	46.456	0.267857	57	62	0
note	46.4594	0.264423	55	62	0
note	46.7136	0.0446428	59	127	9
note	46.7067	0.103022	76	119	0
note	46.8097	0.0652472	59	127	9
note	46.82	0.0755494	75	85	0
note	46.9162	0.0515109	76	67	0
note	46.9642	0.0927197	75	76	0
note	46.7994	0.295329	36	79	1
note	47.0501	0.0446428	73	76	0
note	47.1428	0.0583791	59	127	9
note	47.1359	0.106456	44	127	9
note	47.16	0.157967	74	110	0
note	47.1291	0.206044	41	103	1
note	47.3695	0.0446428	59	127	9
note	47.3729	0.0446428	69	62	0
note	47.3798	0.0446428	36	73	1
note	47.4622	0.0686813	59	127	9
note	47.5068	0.185439	65	62	0
note	47.4931	0.315934	34	73	1
note	47.785	0.054945	59	127	9
note	47.785	0.0961537	44	127	9
note	47.8468	0.151099	67	119	0
note	47.8022	0.243818	41	103	1
note	48.0288	0.0480769	59	127	9
note	48.1284	0.0652472	59	127	9
note	48.07	0.34684	68	98	0
note	48.125	0.336538	33	73	1
note	48.4409	0.0480769	65	59	0
note	48.4581	0.0480769	59	127	9
note	48.4649	0.0858516	44	127	9
note	48.5405	0.144231	67	110	0
note	48.4649	0.267857	40	103	1
note	48.6916	0.0446428	59	127	9
note	48.8015	0.0618131	59	127	9
note	48.7603	0.140797	67	103	0
note	48.798	0.281593	38	70	1
note	49.0006	0.120192	65	73	0
note	49.1586	0.0618131	59	127	9
note	49.1689	0.0824175	44	127	9
note	49.2101	0.151099	67	110	0
note	49.344	0.0446428	59	127	9
note	49.1311	0.271291	40	103	1
note	49.4505	0.0618131	59	127	9
note	49.4677	0.178571	65	55	0
note	49.4574	0.260989	41	73	1
note	49.7802	0.0515109	59	127	9
note	49.8008	0.103022	44	127	9
note	49.787	0.199176	38	64	1
note	50.0034	0.0480769	59	127	9
note	50.0034	0.0789834	41	93	1
note	50.0995	0.0618131	59	127	9
note	50.0927	0.254121	46	93	1
note	50.4223	0.0652472	59	127	9
note	50.4326	0.0892856	44	127	9
note	50.6559	0.0480769	59	127	9
note	50.6284	0.0824175	73	54	0
note	50.4189	0.302197	46	82	1
note	50.0137	0.710851	53	70	0
note	50.0034	0.731455	62	70	0
note	50.7074	0.0480769	74	79	0
note	50.0103	0.748626	58	59	0
note	50.752	0.0652472	59	127	9
note	50.7932	0.175137	77	110	0
note	50.7967	0.182005	65	110	0
note	51.013	0.0480769	74	73	0
note	50.7451	0.333104	38	70	1
note	51.0748	0.0446428	59	127	9
note	51.0954	0.0961537	44	127	9
note	51.1195	0.123626	65	110	0
note	51.1195	0.140797	77	103	0
note	51.0885	0.230082	46	103	1
note	51.3392	0.00686813	59	62	9
note	51.3427	0.0446428	38	76	1
note	51.3289	0.116758	65	110	0
note	51.3221	0.130494	77	103	0
note	51.353	0.164835	53	54	0
note	51.3358	0.206044	62	57	0
note	51.4079	0.137363	59	127	9
note	-1	52.5453	59	-1	0
note	51.3427	0.20261	57	64	0
note	51.4113	0.243818	47	89	1
note	51.6037	0.123626	74	79	0
note	51.7307	0.054945	59	127	9
note	51.7479	0.0927197	44	127	9
note	51.7857	0.130494	65	119	0
note	51.7822	0.154533	77	110	0
note	51.9505	0.0480769	59	127	9
note	51.741	0.288461	47	98	1
note	52.0467	0.0652472	59	127	9
note	52.0123	0.360577	62	64	0
note	52.0226	0.350274	53	64	0
note	52.0707	0.3125	38	82	1
note	52.0157	0.374313	74	79	0
note	52.3901	-7.10543e-15	59	127	0
note	52.026	0.364011	57	64	0
note	-1	53.4519	59	-1	9
note	52.3935	0.103022	44	127	9
note	52.4072	0.23695	48	110	1
note	52.6133	0.0480769	59	127	9
note	52.6579	0.0480769	38	79	1
note	52.7129	0.0652472	59	127	9
note	53.0219	0.0412087	69	67	0
note	52.7472	0.326236	45	98	1
note	53.0391	0.0652472	59	127	9
note	53.0528	0.0858516	44	127	9
note	53.1318	0.0377747	74	93	0
note	53.0666	0.23695	51	98	1
note	53.2383	0.0721153	77	110	0
note	53.2795	0.0446428	59	127	9
note	53.3482	0.0480769	45	62	1
note	53.355	0.0652472	79	110	0
note	53.3756	0.0652472	59	127	9
note	53.4168	0.10989	35	127	9
note	53.5233	0.0721153	39	127	9
note	53.5233	0.0892856	80	98	0
note	53.4237	0.260989	50	103	1
note	53.6916	0.0789834	81	110	0
note	53.7328	0.054945	59	127	9
note	53.7465	0.0686812	44	89	9
note	53.7843	0.054945	39	127	9
note	53.8461	0.0892856	82	110	0
note	53.4374	0.583791	65	76	0
note	53.9697	0.054945	39	127	9
note	53.4443	0.583791	60	76	0
note	-1	55.0453	44	-1	1
note	53.4409	0.604395	54	64	0
note	54.0109	0.0686813	78	93	0
note	54.0762	0.0480769	55	127	9
note	54.0693	0.0789834	35	127	9
note	54.1449	0.106456	80	89	0
note	54.0796	0.291895	43	85	1
note	54.2376	0.171703	81	93	0
note	54.4059	0.0618131	59	127	9
note	54.3921	0.0892856	44	127	9
note	54.4127	0.23695	45	110	1
note	54.6256	0.0480769	59	127	9
note	54.6394	0.0789834	81	93	0
note	54.6909	0.0446428	43	57	1
note	54.7252	0.0652472	59	127	9
note	54.6977	0.103022	80	93	0
note	54.8042	0.0824175	79	93	0
note	54.7527	0.233516	46	85	1
note	55.0137	0.0446428	43	55	1
note	55.0515	0.0583791	59	127	9
note	54.9862	0.130494	77	110	0
note	55.0583	0.0824175	44	127	9
note	55.1442	0.0858516	74	85	0
note	55.0858	0.20261	50	98	1
note	55.2987	0.0377747	59	127	9
note	55.3124	0.0412088	43	73	1
note	55.3124	0.116758	70	89	0
note	55.3914	0.0618131	59	127	9
note	55.4567	0.0480769	69	79	0
note	55.5219	0.0961537	70	64	0
note	55.4052	0.240384	48	103	1
note	55.6215	0.0446428	69	70	0
note	55.6765	0.0446428	67	76	0
note	55.0034	0.745192	62	70	0
note	55.0137	0.734889	57	76	0
note	55.024	0.728021	53	64	0
note	55.0102	0.755494	58	55	0
note	55.728	0.0583791	59	127	9
note	55.7348	0.0927197	44	127	9
note	55.7657	0.120192	72	103	0
note	55.9546	0.0446428	59	127	9
note	55.7177	0.285027	43	89	1
note	55.9443	0.106456	70	93	0
note	56.0473	0.0652472	59	127	9
note	56.171	0.0789834	69	85	0
note	56.0473	0.322802	36	85	1
note	56.3049	0.113324	68	103	0
note	56.3907	0.0652472	59	127	9
note	56.3873	0.0995878	44	127	9
note	56.4766	0.0961537	64	89	0
note	55.9752	0.600961	52	73	0
note	55.9684	0.611263	60	79	0
note	55.9718	0.614697	58	55	0
note	55.9718	0.631867	56	59	0
note	56.6174	0.0412087	59	127	9
note	56.3907	0.274725	43	110	1
note	56.6517	0.0377747	36	79	1
note	56.6483	0.12706	61	110	0
note	56.7204	0.0652472	59	127	9
note	56.8303	0.106456	60	67	0
note	56.7204	0.281593	41	89	1
note	56.9848	0.120192	58	93	0
note	57.0501	0.0583791	59	127	9
note	57.0673	0.0995878	44	127	9
note	57.208	0.0755494	55	44	0
note	57.0501	0.23695	43	93	1
note	57.287	0.0480769	59	127	9
note	57.3076	0.0412088	41	76	1
note	57.3111	0.10989	56	79	0
note	57.3901	0.0652472	59	127	9
note	57.3798	0.209478	45	98	1
note	57.4175	0.188873	57	98	0
note	57.6236	0.0412088	41	70	1
note	57.7232	0.0583791	59	127	9
note	57.7163	0.0858516	44	127	9
note	57.6304	0.21978	53	64	0
note	57.7129	0.250687	48	98	1
note	57.9601	0.0446428	59	127	9
note	58.0563	0.0618131	59	127	9
note	58.0288	0.260989	46	93	1
note	58.3344	0.0515109	59	127	9
note	58.3379	0.106456	44	127	9
note	58.5679	0.0480769	59	127	9
note	58.3516	0.267857	41	93	1
note	58.5748	0.0446428	53	64	0
note	58.5748	0.0446428	57	76	0
note	58.5782	0.0412088	62	59	0
note	58.5714	0.0515109	58	55	0
note	58.6572	0.0618131	59	127	9
note	58.6881	0.305632	34	82	1
note	58.9903	0.0515109	59	127	9
note	59.0041	0.103022	44	127	9
note	59.2238	0.0480769	59	127	9
note	59.0041	0.281593	41	103	1
note	59.2444	0.0480769	34	76	1
note	59.3166	0.0652472	59	127	9
note	59.3269	0.302197	40	93	1
note	59.6394	0.0583791	59	127	9
note	59.6222	0.0927197	44	127	9
note	59.5947	0.21978	66	119	0
note	59.8557	0.0480769	59	127	9
note	59.8282	0.0927197	67	93	0
note	59.6737	0.257555	42	93	1
note	59.9519	0.0652472	59	127	9
note	59.9313	0.123626	69	103	0
note	59.9793	0.278159	43	89	1
note	60.0446	0.212912	70	98	0
note	59.3578	0.937499	57	79	0
note	59.3578	0.937499	52	73	0
note	59.3509	0.97184	58	59	0
note	60.2815	0.0480769	59	127	9
note	59.3475	0.98901	62	73	0
note	60.2815	0.0858516	44	127	9
note	60.2747	0.20261	72	98	0
note	60.491	0.0446428	59	127	9
note	60.3227	0.223214	45	110	1
note	60.5425	0.0446428	40	89	1
note	60.4979	0.123626	73	93	0
note	60.5975	0.0583791	59	127	9
note	60.5975	0.10989	75	93	0
note	60.6318	0.291895	46	98	1
note	60.7142	0.212912	76	103	0
note	60.9306	0.0480769	59	127	9
note	60.9271	0.0927197	44	127	9
note	60.9374	0.199176	78	93	0
note	61.1538	0.0446428	59	127	9
note	60.9718	0.274725	48	103	1
note	61.1607	0.0858516	79	93	0
note	61.219	0.0446428	40	85	1
note	61.2499	0.0618131	59	127	9
note	61.2671	0.103022	81	93	0
note	61.3701	0.168269	82	98	0
note	61.3221	0.257555	49	103	1
note	61.6002	0.0480769	59	127	9
note	61.6036	0.0927197	44	127	9
note	60.6971	1.00275	65	79	0
note	60.7039	0.999312	60	76	0
note	60.7142	0.992444	55	82	0
note	60.7039	1.00961	61	73	0
note	61.5727	0.185439	84	98	0
note	61.7857	0.0446428	76	85	0
note	61.8269	0.0446428	59	127	9
note	61.6277	0.257555	51	103	1
note	61.9299	0.0618131	59	127	9
note	61.8852	0.12706	81	98	0
note	61.9917	0.154533	79	93	0
note	61.9574	0.264423	50	110	1
note	62.2767	0.0583791	59	127	9
note	62.263	0.0892856	44	127	9
note	62.2218	0.171703	53	70	0
note	62.2149	0.199176	57	73	0
note	-1	63.421	59	-1	0
note	62.208	0.216346	64	70	0
note	62.2115	0.243818	71	85	0
note	62.4896	0.0446428	59	127	9
note	62.2664	0.319368	38	85	1
note	62.627	0.0274725	59	62	9
note	62.6236	0.209478	53	64	0
note	62.6133	0.23695	64	64	0
note	-1	63.8536	59	-1	0
note	62.627	0.226648	57	70	0
note	62.603	0.267857	71	85	0
note	62.6098	0.319368	48	119	1
note	62.9395	0.0515109	59	127	9
note	62.9464	0.10989	44	127	9
note	63.1867	0.0480769	59	127	9
note	62.9567	0.3125	38	73	1
note	63.2795	0.0652472	59	127	9
note	63.2829	0.322802	46	110	1
note	63.6091	0.0515109	59	127	9
note	63.6057	0.103022	44	127	9
note	63.8392	0.0480769	59	127	9
note	63.64	0.281593	38	70	1
note	63.9319	0.0652472	59	127	9
note	63.9491	0.123626	65	73	0
note	63.9422	0.137363	61	76	0
note	63.9525	0.12706	55	85	0
note	63.9491	0.137362	60	89	0
note	63.9525	0.243818	45	110	1
note	64.2032	0.0721153	38	79	1
note	64.2788	0.0583791	59	127	9
note	64.2822	0.103022	44	127	9
note	64.5123	0.0618131	55	127	9
note	64.5089	0.0755494	35	127	9
note	64.2994	0.315934	37	82	1
note	64.6394	0.298763	38	82	1
note	64.9313	0.0583791	59	127	9
note	64.8591	0.137363	69	110	0
note	64.9553	0.0995878	44	127	9
note	64.9759	0.154533	74	103	0
note	64.9622	0.247253	40	119	1
note	65.1682	0.0412087	59	127	9
note	65.0995	0.113324	76	93	0
note	65.206	0.0377747	77	103	0
note	65.1991	0.0480769	38	85	1
note	65.2678	0.0618131	59	127	9
note	65.3433	0.161401	81	93	0
note	65.2987	0.285027	41	103	1
note	64.5295	1.06113	53	73	0
note	64.5226	1.0783	60	70	0
note	64.5226	1.0783	64	67	0
note	64.5192	1.09547	57	76	0
note	65.6112	0.0515109	59	127	9
note	65.5185	0.154533	86	98	0
note	65.6215	0.0995878	44	127	9
note	65.649	0.154533	88	98	0
note	65.8104	0.0686812	89	93	0
note	65.8413	0.0412088	59	127	9
note	65.6352	0.281593	38	85	1
note	65.9477	0.0652472	59	127	9
note	65.9752	0.182005	80	89	0
note	65.9786	0.178571	92	98	0
note	65.9958	0.178571	53	73	0
note	65.9306	0.247253	46	93	1
note	65.9889	0.195742	62	70	0
note	65.9786	0.223214	58	67	0
note	66.195	0.0446428	38	73	1
note	66.2808	0.0618131	59	127	9
note	66.2671	0.103022	44	127	9
note	66.2774	0.0961537	80	98	0
note	66.274	0.10989	92	110	0
note	66.4834	0.0412088	59	127	9
note	66.2568	0.295329	46	98	1
note	66.4834	0.0721153	79	103	0
note	66.4972	0.0618131	53	89	0
note	66.48	0.0858516	91	119	0
note	66.4938	0.0755494	62	89	0
note	66.4869	0.0927197	58	82	0
note	66.5762	0.0618131	59	127	9
note	66.7307	0.0652472	77	85	0
note	66.7307	0.0824175	89	89	0
note	66.583	0.315934	38	93	1
note	66.9024	0.0480769	59	127	9
note	66.9402	0.0583791	91	110	0
note	66.947	0.0583791	79	110	0
note	66.9161	0.103022	44	127	9
note	67.1222	0.0446428	59	127	9
note	66.9161	0.260989	46	103	1
note	67.1668	0.0480769	38	89	1
note	67.263	0.250687	47	103	1
note	67.5789	0.054945	59	127	9
note	67.5824	0.0892856	44	127	9
note	67.1634	0.54945	62	76	0
note	-1	68.7231	59	-1	9
note	67.1737	0.54945	57	70	0
note	67.1771	0.546016	53	73	0
note	-1	68.7231	59	-1	0
note	67.1703	0.556318	77	82	0
note	67.16	0.570054	89	93	0
note	67.8159	0.0412087	59	127	9
note	67.5824	0.278159	47	103	1
note	67.912	0.0652472	59	127	9
note	67.9052	0.305632	38	89	1
note	68.2451	0.0618131	59	127	9
note	68.2348	0.0824175	44	127	9
note	68.2417	0.250687	47	110	1
note	68.4821	0.0412087	38	89	1
note	68.4786	0.0446428	59	127	9
note	68.4512	0.0721153	86	93	0
note	68.5027	0.0824175	85	93	0
note	68.5748	0.0652472	59	127	9
note	68.5645	0.0892856	84	98	0
note	68.5611	0.116758	48	110	1
note	68.6572	0.106456	45	98	1
note	68.7671	0.0824175	40	85	1
note	68.6538	0.20261	83	93	0
note	68.8804	0.0618131	59	127	9
note	68.8804	0.0961537	44	127	9
note	68.9113	0.161401	82	85	0
note	69.1139	0.0412087	59	127	9
note	68.877	0.315934	33	119	1
note	69.1071	0.161401	78	93	0
note	69.2067	0.0686812	59	127	9
note	69.2925	0.123626	77	82	0
note	69.2101	0.298763	38	103	1
note	69.5295	0.0652472	59	127	9
note	69.4642	0.137363	75	98	0
note	69.5501	0.0995878	44	127	9
note	69.1208	0.56662	65	70	0
note	69.1174	0.583791	60	73	0
note	69.1242	0.576922	54	67	0
note	69.6119	0.140797	74	89	0
note	69.7698	0.0446428	59	127	9
note	69.5329	0.319368	42	89	1
note	69.7664	0.0961537	72	85	0
note	69.8626	0.0686812	59	127	9
note	69.9141	0.161401	70	76	0
note	69.9003	0.21978	43	89	1
note	70.1304	0.0446428	36	85	1
note	70.1957	0.054945	59	127	9
note	70.1991	0.0927197	44	127	9
note	70.1236	0.243818	77	103	0
note	70.3777	0.054945	74	85	0
note	70.2094	0.274725	41	98	1
note	70.4395	0.0480769	59	127	9
note	70.4326	0.0892856	70	89	0
note	70.5322	0.0652472	59	127	9
note	70.5322	0.103022	67	76	0
note	70.6661	0.133928	68	64	0
note	70.5253	0.32967	40	93	1
note	70.8619	0.0618131	59	127	9
note	70.8447	0.0927197	44	127	9
note	70.1442	0.793268	62	64	0
note	70.151	0.7864	53	67	0
note	70.1476	0.793268	57	70	0
note	70.8378	0.106456	69	76	0
note	70.1407	0.807005	58	51	0
note	70.9409	0.164835	72	110	0
note	71.0679	0.0446428	59	127	9
note	70.8687	0.298763	38	98	1
note	71.1709	0.0618131	59	127	9
note	71.1263	0.133928	71	89	0
note	71.2637	0.133928	70	85	0
note	71.2053	0.281593	36	76	1
note	71.4457	0.133928	62	85	0
note	71.4903	0.0995878	44	127	9
note	71.535	0.0686812	59	127	9
note	71.638	0.0412087	65	52	0
note	71.6792	0.0824175	66	85	0
note	71.5487	0.23695	38	98	1
note	71.7582	0.0446428	59	127	9
note	71.7547	0.0961537	69	98	0
note	71.8131	0.0446428	36	70	1
note	71.8612	0.0652472	59	127	9
note	71.9058	0.137363	67	82	0
note	72.0947	0.0686812	69	103	0
note	71.8852	0.288461	40	98	1
note	72.1394	0.0961537	44	127	9
note	72.1806	0.0721153	59	127	9
note	72.2115	0.164835	70	93	0
note	72.4003	0.0446428	59	127	9
note	72.1943	0.285027	36	76	1
note	72.5102	0.0652472	59	127	9
note	72.5308	0.21978	41	98	1
note	72.7747	0.0480769	36	73	1
note	72.8433	0.0480769	59	127	9
note	72.8159	0.0995878	44	127	9
note	72.4106	0.65934	72	82	0
note	72.8502	0.243818	37	127	9
note	72.4244	0.690247	60	54	0
note	73.07	0.0480769	59	127	9
note	72.4175	0.703983	57	62	0
note	72.4175	0.707417	55	64	0
note	73.0768	0.0515109	67	79	0
note	72.8468	0.339972	40	98	1
note	73.1696	0.0652472	59	127	9
note	73.1387	0.10989	69	89	0
note	73.2966	0.185439	67	110	0
note	73.1902	0.322802	38	103	1
note	73.5027	0.0480769	59	127	9
note	73.4958	0.103022	44	127	9
note	73.5301	0.175137	37	127	9
note	73.5061	0.209478	65	76	0
note	73.6984	0.0412088	59	127	9
note	73.5267	0.309066	36	93	1
note	73.8049	0.0618131	59	127	9
note	73.8667	0.298763	34	82	1
note	74.1757	0.0583791	59	127	9
note	74.1551	0.0995878	44	127	9
note	74.1895	0.151099	37	127	9
note	74.1792	0.260989	36	103	1
note	74.4093	0.0515109	59	127	9
note	74.4367	0.0480769	34	82	1
note	74.5123	0.0618131	59	127	9
note	73.7431	0.958103	63	67	0
note	73.7637	0.940933	60	57	0
note	73.7637	0.954669	55	62	0
note	73.774	0.944367	56	59	0
note	74.5329	0.267857	38	110	1
note	74.842	0.0515109	59	127	9
note	74.7801	0.130494	75	67	0
note	74.8351	0.0824175	37	127	9
note	74.8454	0.0961537	44	127	9
note	75.072	0.0480769	59	127	9
note	74.8385	0.295329	39	89	1
note	74.9999	0.144231	79	119	0
note	75.2231	0.0103022	59	89	9
note	75.1648	0.285027	40	98	1
note	75.5185	0.0480769	59	127	9
note	75.5322	0.0686812	53	127	9
note	75.5253	0.0892856	44	127	9
note	75.2266	0.491071	62	93	0
note	75.2163	0.504807	66	82	0
note	75.2197	0.504807	55	89	0
note	-1	76.7279	59	-1	0
note	75.2094	0.528846	78	110	0
note	75.7314	0.0412088	59	127	9
note	75.4979	0.278159	41	98	1
note	75.8344	0.0686812	59	127	9
note	75.8344	0.274725	43	89	1
note	76.1641	0.0480769	59	127	9
note	76.1675	0.0824175	44	98	9
note	76.1847	0.0652472	53	127	9
note	76.3873	0.0515109	59	127	9
note	-1	77.4457	44	-1	1
note	76.4903	0.0618131	59	127	9
note	76.5109	0.12706	55	82	0
note	76.5075	0.137362	65	73	0
note	76.504	0.147665	61	76	0
note	76.504	0.168269	77	89	0
note	76.4834	0.230082	45	103	1
note	76.7341	0.0446428	40	64	1
note	76.8062	0.0618131	59	127	9
note	76.8028	0.0892856	44	127	9
note	76.8337	0.0686812	53	127	9
note	77.0466	0.0412088	59	127	9
note	76.8062	0.309066	43	103	1
note	77.1428	0.0686812	59	127	9
note	77.0432	0.336538	65	82	0
note	77.0466	0.333104	55	85	0
note	77.0363	0.350274	84	98	0
note	77.0432	0.34684	61	82	0
note	77.0398	0.377747	72	103	0
note	77.1359	0.305632	41	98	1
note	77.4553	0.0515109	59	127	9
note	77.4724	0.0618131	53	127	9
note	77.445	0.0995878	44	127	9
note	77.6854	0.0446428	59	127	9
note	77.4656	0.319368	40	93	1
note	77.7815	0.0686812	59	127	9
note	77.7987	0.319368	38	93	1
note	78.1181	0.054945	59	127	9
note	78.1249	0.0686812	53	127	9
note	78.1181	0.0995878	44	127	9
note	-1	79.2382	53	-1	0
note	77.8296	0.415522	64	82	0
note	77.8296	0.436126	57	85	0
note	77.8365	0.446428	60	82	0
note	77.8227	0.521978	76	103	0
note	78.1352	0.21978	40	93	1
note	78.3447	0.0515109	59	127	9
note	78.379	0.0412087	38	70	1
note	78.4615	0.0618131	59	127	9
note	78.458	0.288461	41	98	1
note	78.7156	0.0789834	72	93	0
note	78.7911	0.054945	59	127	9
note	78.7877	0.0686812	53	127	9
note	78.774	0.0927197	44	127	9
note	78.9079	0.10989	76	110	0
note	78.7843	0.260989	38	85	1
note	79.2135	0.0583791	43	64	9
note	79.0727	0.212912	46	98	1
note	79.2856	0.0652472	43	84	9
note	79.3578	0.0618131	43	102	9
note	79.4299	0.0583791	43	120	9
note	79.1242	0.384615	75	103	0
note	79.4196	0.0927197	44	127	9
note	79.1345	0.405219	60	85	0
note	79.1414	0.398351	65	76	0
note	79.1448	0.394917	61	73	0
note	79.1483	0.398351	56	76	0
note	79.4985	0.0652472	43	127	9
note	79.5775	0.0652472	43	127	9
note	79.4196	0.254121	46	110	1
note	79.5913	0.0961537	73	89	0
note	79.6771	0.0412088	41	93	1
note	79.6668	0.0652472	43	127	9
note	79.6943	0.0721153	72	98	0
note	79.7492	0.0480769	41	127	9
note	79.8179	0.0721153	41	127	9
note	79.9141	0.0446428	41	127	9
note	79.8179	0.140797	70	82	0
note	79.9793	0.0686812	41	127	9
note	79.7664	0.309066	45	119	1
note	79.9999	0.103022	72	93	0
note	80.0652	0.0686812	41	127	9
note	79.8282	0.322802	65	70	0
note	79.8248	0.336538	61	70	0
note	80.0686	0.0995878	44	127	9
note	79.8351	0.343406	55	70	0
note	80.1476	0.0652472	41	127	9
note	80.2369	0.0755494	41	127	9
note	80.1682	0.185439	73	82	0
note	80.0926	0.291895	40	98	1
note	80.3193	0.0721153	75	82	0
note	80.3365	0.0789834	41	127	9
note	80.4429	0.0515109	49	127	9
note	80.4463	0.0824175	35	127	9
note	80.491	0.0927197	63	93	0
note	80.4807	0.106456	75	85	0
note	80.4257	0.250687	52	110	1
note	80.6421	0.0377747	38	89	1
note	80.7279	0.0858516	44	127	9
note	80.6077	0.209478	53	67	0
note	80.6112	0.21978	60	57	0
note	80.6181	0.226648	57	76	0
note	80.6181	0.274725	64	85	0
note	80.6077	0.309066	76	82	0
note	80.9374	0.0618131	35	127	9
note	80.9477	0.0583791	57	127	9
note	80.752	0.264423	50	110	1
note	80.958	0.0755494	72	93	0
note	81.0301	0.0755494	69	93	0
note	81.0988	0.0412087	65	93	0
note	81.0679	0.257555	48	119	1
note	81.2018	0.144231	64	85	0
note	81.4216	0.0515109	59	127	9
note	81.3941	0.0995878	44	127	9
note	81.3873	0.185439	67	76	0
note	81.3873	0.240384	47	103	1
note	81.6208	0.0446428	38	85	1
note	81.6483	0.0480769	59	127	9
note	81.7513	0.0686812	59	127	9
note	81.7307	0.281593	46	93	1
note	82.0638	0.0480769	59	127	9
note	82.0295	0.0892856	44	127	9
note	82.0398	0.116758	37	127	9
note	82.2836	0.0446428	59	127	9
note	82.0775	0.285027	41	85	1
note	82.3763	0.0652472	59	127	9
note	82.4965	0.0858516	62	98	0
note	82.5858	0.103022	64	103	0
note	82.4003	0.315934	38	79	1
note	82.6819	0.0377747	65	110	0
note	82.7266	0.0583791	59	127	9
note	82.6957	0.0961537	44	127	9
note	82.6991	0.106456	37	127	9
note	82.7712	0.0721153	67	103	0
note	82.8605	0.0755494	69	98	0
note	82.7334	0.247252	46	110	1
note	82.4106	0.583791	53	73	0
note	82.9498	0.0480769	59	127	9
note	82.4003	0.597527	57	73	0
note	82.9601	0.0446428	38	89	1
note	82.9326	0.0721153	70	103	0
note	82.4072	0.600961	58	54	0
note	83.0288	0.0652472	72	110	0
note	83.0459	0.0652472	59	127	9
note	83.1146	0.0583791	74	103	0
note	83.1833	0.0995878	79	93	0
note	83.0597	0.264423	47	110	1
note	83.379	0.0618131	59	127	9
note	83.3481	0.10989	37	127	9
note	83.3653	0.0927197	44	127	9
note	83.6297	0.0412088	59	127	9
note	83.3893	0.319368	41	85	1
note	83.743	0.0446428	59	64	9
note	83.7156	0.315934	38	89	1
note	84.0487	0.0618131	59	127	9
note	84.0246	0.0927197	44	127	9
note	83.743	0.381181	62	59	0
note	83.7362	0.391483	53	62	0
note	83.3035	0.827609	76	85	0
note	83.7293	0.401785	57	70	0
note	-1	85.1311	59	-1	0
note	84.0246	0.113324	37	127	9
note	84.0487	0.230082	47	110	1
note	84.2753	0.0446428	38	57	1
note	84.2753	0.0480769	59	127	9
note	84.3852	0.0618131	59	127	9
note	84.3749	0.291895	45	110	1
note	84.6977	0.0652472	59	127	9
note	84.6771	0.0961537	44	127	9
note	84.6668	0.10989	37	127	9
note	84.7286	0.188873	80	119	0
note	84.9312	0.0446428	59	127	9
note	84.6908	0.295329	39	82	1
note	84.9415	0.0789834	79	93	0
note	85.0274	0.0618131	59	127	9
note	85.0789	0.120192	78	89	0
note	85.0274	0.326236	38	73	1
note	85.2575	0.144231	75	103	0
note	85.3536	0.0618131	59	127	9
note	85.3639	0.0686812	44	103	9
note	85.3262	0.123626	37	127	9
note	85.4154	0.106456	71	89	0
note	85.5803	0.0480769	59	127	9
note	-1	86.6352	44	-1	1
note	85.2712	0.367445	53	85	0
note	85.6009	0.0480769	38	85	1
note	-1	86.649	59	-1	0
note	85.2643	0.388049	63	82	0
note	85.5906	0.147665	70	103	0
note	85.673	0.0686812	59	127	9
note	85.7657	0.0927197	68	82	0
note	85.7176	0.274725	43	93	1
note	86.0198	0.0446428	59	127	9
note	86.013	0.0995878	44	127	9
note	86.013	0.116758	37	127	9
note	85.8619	0.3125	69	93	0
note	86.243	0.0480769	59	127	9
note	86.0473	0.264423	45	110	1
note	86.2259	0.154533	72	110	0
note	86.3495	0.0618131	59	127	9
note	86.3529	0.288461	46	79	1
note	86.6826	0.054945	59	127	9
note	86.4628	0.333104	53	52	0
note	86.6998	0.103022	44	127	9
note	86.4594	0.350274	58	51	0
note	86.4697	0.339972	62	44	0
note	86.6998	0.113324	37	127	9
note	86.4594	0.360577	57	70	0
note	86.4354	0.391483	69	76	0
note	86.7066	0.243818	47	103	1
note	86.9196	0.0412088	59	127	9
note	87.0157	0.0686812	59	127	9
note	87.026	0.21978	48	103	1
note	87.3488	0.054945	59	127	9
note	87.3351	0.0961537	44	127	9
note	87.3419	0.106456	37	127	9
note	87.3591	0.250687	43	79	1
note	87.572	0.0412087	59	127	9
note	87.5892	0.106456	66	110	0
note	87.6785	0.0583791	59	127	9
note	87.73	0.106456	67	93	0
note	87.833	0.116758	69	98	0
note	87.6682	0.3125	36	76	1
note	87.9326	0.0892856	70	103	0
note	87.9944	0.0515109	59	127	9
note	87.6064	0.449862	62	79	0
note	87.6132	0.453296	52	76	0
note	87.5995	0.473901	58	70	0
note	87.991	0.0961537	44	127	9
note	88.0013	0.113324	37	127	9
note	88.0356	0.0995878	72	110	0
note	88.0013	0.23695	43	110	1
note	88.1386	0.0995878	73	98	0
note	88.2176	0.0480769	59	127	9
note	88.2279	0.0480769	36	76	1
note	88.2451	0.0961537	75	114	0
note	88.3207	0.0652472	59	127	9
note	88.3207	0.257555	41	93	1
note	88.6675	0.054945	59	127	9
note	88.6332	0.0927197	44	127	9
note	88.64	0.103022	37	127	9
note	88.3962	0.350274	64	85	0
note	88.379	0.377747	76	98	0
note	88.3996	0.432692	60	76	0
note	88.4099	0.446428	55	73	0
note	88.4099	0.449862	57	76	0
note	88.8941	0.0446428	59	127	9
note	88.6675	0.274725	41	98	1
note	88.8701	0.116758	72	119	0
note	88.9937	0.0618131	59	127	9
note	88.9972	0.206044	48	110	1
note	89.2238	0.0446428	41	82	1
note	89.0693	0.254121	67	64	0
note	89.2822	0.0961537	44	127	9
note	89.2788	0.103022	37	127	9
note	89.32	0.0618131	59	127	9
note	89.3097	0.278159	47	103	1
note	89.5638	0.0446428	59	127	9
note	89.6668	0.0652472	59	127	9
note	89.6874	0.182005	80	110	0
note	89.6908	0.182005	68	103	0
note	89.6428	0.285027	46	98	1
note	89.9896	0.0515109	59	127	9
note	89.9965	0.0721153	78	93	0
note	89.9724	0.0995878	44	127	9
note	89.9896	0.0858516	66	98	0
note	89.9759	0.106456	37	127	9
note	90.1235	0.0412088	67	59	0
note	90.0961	0.0755494	79	59	0
note	90.2163	0.0446428	59	127	9
note	89.9827	0.305632	34	89	1
note	90.2369	0.0789834	77	110	0
note	90.309	0.0652472	59	127	9
note	90.388	0.133928	75	103	0
note	90.3124	0.278159	41	110	1
note	90.5459	0.0652472	72	98	0
note	89.8969	0.776098	55	79	0
note	89.9003	0.793268	60	76	0
note	89.9003	0.796702	63	64	0
note	89.8935	0.813873	56	70	0
note	90.6112	0.106456	44	127	9
note	90.6593	0.0583791	59	127	9
note	90.6146	0.113324	37	127	9
note	90.7039	0.113324	68	98	0
note	90.8893	0.0446428	59	127	9
note	90.6489	0.288461	39	79	1
note	90.8516	0.120192	67	93	0
note	90.9855	0.0618131	35	127	9
note	91.0301	0.0171703	55	70	9
note	90.9821	0.278159	40	98	1
note	91.322	0.0480769	59	127	9
note	91.3014	0.0961537	44	127	9
note	91.0095	0.460164	66	76	0
note	91.0336	0.453296	52	57	0
note	91.0301	0.467032	62	55	0
note	-1	92.5006	55	-1	0
note	-1	92.504	59	-1	0
note	91.3117	0.271291	42	93	1
note	91.5487	0.0480769	59	127	9
note	91.5384	0.137362	69	110	0
note	91.6483	0.0618131	59	127	9
note	91.6345	0.260989	43	89	1
note	91.686	0.230082	66	85	0
note	91.8921	0.0515109	55	76	0
note	91.8921	0.0515109	52	73	0
note	91.8886	0.0652472	59	70	0
note	91.8886	0.0686812	62	67	0
note	91.9745	0.0446428	59	127	9
note	91.9573	0.10989	44	127	9
note	-1	93.2355	44	-1	1
note	92.2217	0.0480769	59	127	9
note	92.3179	0.0652472	59	127	9
note	92.3145	0.212912	65	79	0
note	92.3179	0.240384	55	76	0
note	92.3076	0.267857	61	67	0
note	92.2904	0.298763	45	103	1
note	92.6201	0.054945	59	127	9
note	92.6064	0.103022	44	127	9
note	92.6064	0.137362	37	127	9
note	92.627	0.182005	69	103	0
note	92.8605	0.0412088	59	127	9
note	92.6064	0.333104	49	98	1
note	92.9601	0.0618131	59	127	9
note	92.8708	0.257555	65	51	0
note	92.8674	0.281593	61	67	0
note	92.8914	0.267857	55	67	0
note	92.9429	0.23695	52	93	1
note	93.2176	0.0480769	45	73	1
note	93.2897	0.0515109	59	127	9
note	93.2691	0.106456	44	127	9
note	93.2726	0.113324	37	127	9
note	93.4992	0.0446428	59	127	9
note	93.2794	0.267857	51	98	1
note	93.6331	0.0309066	59	59	9
note	93.616	0.257555	50	103	1
note	93.9285	0.0652472	59	127	9
note	93.9388	0.0961537	44	127	9
note	93.9353	0.116758	37	127	9
note	93.616	0.563186	64	89	0
note	94.1723	0.0412087	59	127	9
note	93.9353	0.315934	38	98	1
note	93.6297	0.631867	53	76	0
note	93.6331	0.655906	57	73	0
note	94.2616	0.0309066	59	127	0
note	-1	95.3303	59	-1	9
note	94.2856	0.260989	41	93	1
note	94.5844	0.054945	59	127	9
note	94.4951	0.157967	64	110	0
note	94.5775	0.0961537	44	127	9
note	94.5844	0.113324	37	127	9
note	94.6428	0.185439	65	119	0
note	94.5913	0.240384	48	103	1
note	94.8007	0.0446428	59	127	9
note	94.8145	0.0583791	67	98	0
note	94.8694	0.0446428	41	62	1
note	94.8969	0.0652472	59	127	9
note	94.9621	0.10989	74	110	0
note	94.9587	0.157967	67	110	0
note	95.0858	0.0412087	68	76	0
note	95.1407	0.103022	74	85	0
note	94.9278	0.32967	41	79	1
note	95.1853	0.0755494	68	79	0
note	95.2643	0.0446428	67	82	0
note	95.2506	0.0652472	59	127	9
note	95.2369	0.0927197	44	127	9
note	95.2918	0.0446428	65	93	0
note	95.2472	0.133928	37	127	9
note	95.388	0.106456	67	93	0
note	95.2678	0.254121	46	110	1
note	95.4841	0.0446428	59	127	9
note	95.5013	0.0446428	41	85	1
note	95.5803	0.0686813	59	127	9
note	95.5597	0.123626	67	110	0
note	95.6318	0.0686812	35	127	9
note	95.7279	0.0583791	39	127	9
note	95.6077	0.298763	45	119	1
note	95.7863	0.123626	65	85	0
note	95.9202	0.0446428	59	127	9
note	95.9099	0.0995878	44	127	9
note	95.9649	0.0652472	39	127	9
note	96.116	0.0480769	59	127	9
note	95.9958	0.175137	67	110	0
note	95.9237	0.319368	40	89	1
note	96.1984	0.0583791	39	127	9
note	96.2945	0.054945	55	127	9
note	96.2911	0.0858516	35	127	9
note	96.2842	0.164835	65	89	0
note	96.2568	0.260989	50	110	1
note	96.5109	0.0377747	38	82	1
note	96.5864	0.0652472	59	127	9
note	96.5727	0.0961538	44	127	9
note	96.6002	0.0892856	53	127	9
note	96.607	0.168269	57	93	0
note	96.6002	0.271291	49	89	1
note	96.8337	0.0515109	59	127	9
note	96.9333	0.0618131	59	127	9
note	-1	98.0981	59	-1	0
note	96.9298	0.23695	50	110	1
note	97.2389	0.0789834	53	127	9
note	97.2664	0.054945	59	127	9
note	97.2423	0.103022	44	127	9
note	97.4724	0.0446428	59	127	9
note	97.2423	0.32967	38	76	1
note	97.5892	0.0480769	59	73	9
note	97.5789	0.247253	50	110	1
note	97.8158	0.0446428	38	85	1
note	97.8948	0.0618131	59	127	9
note	97.8948	0.0721153	53	127	0
note	-1	98.9738	53	-1	9
note	97.5755	0.408653	64	73	0
note	97.5858	0.398351	57	76	0
note	-1	98.9944	59	-1	0
note	97.9017	0.10989	44	127	9
note	98.1455	0.0240384	59	70	9
note	97.912	0.274725	49	79	1
note	98.1524	0.10989	53	76	0
note	98.1386	0.133928	64	76	0
note	98.1489	0.12706	57	76	0
note	98.2279	0.0515109	59	127	0
note	-1	99.2897	59	-1	9
note	98.2485	0.288461	50	103	1
note	98.5507	0.0652472	59	127	9
note	98.5026	0.133928	65	119	0
note	98.5576	0.0858516	53	127	9
note	98.5542	0.0961537	44	127	9
note	98.6194	0.12706	68	98	0
note	98.7224	0.0789834	70	93	0
note	98.7911	0.0412087	59	127	9
note	98.5645	0.336538	38	76	1
note	98.8323	0.0789834	72	103	0
note	98.8873	0.0618131	59	127	9
note	98.9388	0.0892856	75	103	0
note	99.0624	0.0755494	77	103	0
note	99.1551	0.0412087	38	79	1
note	98.9147	0.285027	50	110	1
note	99.2169	0.0515109	59	127	9
note	99.2032	0.0789834	53	127	9
note	99.1586	0.12706	80	103	0
note	99.2204	0.0961537	44	127	9
note	99.265	0.0686812	82	98	0
note	-1	100.361	53	-1	0
note	98.9285	0.442994	58	73	0
note	98.9353	0.442994	63	76	0
note	99.368	0.0755494	84	110	0
note	99.4333	0.0515109	59	127	9
note	99.2616	0.274725	49	93	1
note	99.4711	0.0721153	87	98	0
note	99.5294	0.0618131	59	127	9
note	99.5809	0.0995878	89	110	0
note	99.6874	0.10989	92	103	0
note	99.787	0.0858516	94	98	0
note	99.5878	0.295329	50	98	1
note	99.8934	0.054945	59	127	9
note	99.8797	0.0824175	53	127	9
note	99.8694	0.0995878	44	127	9
note	100.117	0.0480769	59	127	9
note	99.9072	0.322802	91	110	0
note	99.9072	0.32967	38	85	1
note	99.9244	0.3125	55	98	0
note	99.9209	0.319368	65	98	0
note	99.9244	0.322802	60	93	0
note	100.216	0.0618131	59	127	9
note	100.24	0.188873	50	110	1
note	100.542	0.0789834	53	127	9
note	100.546	0.0995878	44	127	9
note	100.443	0.43956	38	110	1
note	100.91	0.103022	47	127	9
note	100.989	0.0721153	45	127	9
note	100.893	0.243818	42	103	1
note	101.147	0.0480769	38	55	1
note	101.205	0.0961537	44	127	9
note	101.243	0.0721153	43	127	9
note	101.253	0.182005	92	127	0
note	101.216	0.267857	42	85	1
note	101.453	0.0618131	89	82	0
note	101.477	0.0446428	41	127	9
note	101.58	0.116758	90	98	0
note	101.676	0.0721153	91	89	0
note	101.556	0.264423	43	93	1
note	101.542	0.302197	49	127	9
note	101.545	0.3125	35	127	9
note	101.868	0.0652472	59	127	9
note	101.806	0.137362	90	110	0
note	101.882	0.0824175	37	127	9
note	101.875	0.0961537	44	127	9
note	101.944	0.10989	89	110	0
note	102.105	0.0480769	59	127	9
note	101.882	0.274725	45	119	1
note	102.194	0.0618131	59	127	9
note	102.136	0.133928	87	103	0
note	102.284	0.103022	86	93	0
note	102.218	0.230082	46	73	1
note	102.472	0.0446428	43	82	1
note	102.452	0.0995878	82	89	0
note	102.534	0.0824175	37	127	9
note	102.548	0.0686812	59	127	9
note	102.575	0.0480769	81	93	0
note	102.538	0.0927197	44	127	9
note	102.644	0.0961537	82	64	0
note	102.548	0.23695	47	103	1
note	102.747	0.0480769	81	76	0
note	102.775	0.0480769	59	127	9
note	102.806	0.0446428	79	82	0
note	102.812	0.0412087	43	57	1
note	102.874	0.0652472	59	127	9
note	102.919	0.120192	87	103	0
note	102.898	0.291895	48	103	1
note	103.111	0.113324	85	98	0
note	103.207	0.0618131	59	127	9
note	103.218	0.0824175	37	127	9
note	103.207	0.10989	44	127	9
note	103.235	0.0961537	84	103	0
note	103.448	0.0480769	59	127	9
note	103.207	0.336538	36	89	1
note	103.417	0.130494	82	98	0
note	103.544	0.0618131	59	127	9
note	103.585	0.157967	81	98	0
note	103.554	0.240384	43	98	1
note	103.424	0.405219	63	93	0
note	103.424	0.408653	58	89	0
note	103.431	0.401785	52	93	0
note	103.76	0.0721153	76	89	0
note	103.867	0.0618131	59	127	9
note	103.887	0.0755494	37	127	9
note	103.88	0.103022	44	127	9
note	103.898	0.12706	75	98	0
note	104.1	0.0446428	59	127	9
note	103.891	0.260989	43	98	1
note	104.09	0.106456	73	93	0
note	104.193	0.0686813	59	127	9
note	104.217	0.182005	72	103	0
note	104.203	0.274725	41	79	1
note	104.55	0.0618131	59	127	9
note	104.523	0.0961537	44	127	9
note	104.543	0.0789834	37	127	9
note	104.43	0.23695	79	103	0
note	104.663	0.0755494	76	79	0
note	104.54	0.230082	43	103	1
note	104.715	0.0755494	72	93	0
note	104.787	0.0446428	59	127	9
note	104.787	0.0446428	69	89	0
note	104.794	0.054945	41	73	1
note	104.873	0.0652472	59	127	9
note	104.883	0.20261	45	93	1
note	104.869	0.240384	77	98	0
note	104.231	0.899724	52	76	0
note	104.227	0.910027	57	79	0
note	104.224	0.916895	55	82	0
note	104.224	0.930631	60	82	0
note	105.103	0.0515109	74	79	0
note	105.113	0.0446428	41	76	1
note	105.144	0.0961537	70	89	0
note	105.185	0.0755494	37	127	9
note	105.196	0.0652472	59	127	9
note	105.189	0.0995878	44	127	9
note	105.23	0.164835	67	89	0
note	105.213	0.212912	48	103	1
note	105.436	0.0446428	41	73	1
note	105.433	0.0480769	59	127	9
note	105.436	0.137362	76	110	0
note	105.525	0.0652472	59	127	9
note	105.549	0.0789834	72	85	0
note	105.618	0.0858516	69	85	0
note	105.522	0.185439	46	93	1
note	105.707	0.0824175	65	82	0
note	105.831	0.0583791	59	127	9
note	105.848	0.0824175	37	127	9
note	105.828	0.10989	44	127	9
note	105.841	0.216346	74	98	0
note	105.45	0.65934	62	85	0
note	106.071	0.0412087	59	127	9
note	106.034	0.0995878	70	82	0
note	105.7	0.43956	34	103	1
note	106.109	0.0824175	67	89	0
note	106.164	0.0652472	59	127	9
note	106.192	0.10989	64	82	0
note	106.161	0.257555	38	103	1
note	106.394	0.10989	72	92	0
note	106.48	0.0686812	59	127	9
note	106.487	0.0755494	37	127	9
note	106.521	0.0446428	69	76	0
note	106.459	0.116758	44	127	9
note	106.583	0.0618131	65	77	0
note	106.655	0.0652472	62	62	0
note	106.477	0.291895	39	98	1
note	106.724	0.0446428	59	127	9
note	105.46	1.32211	57	82	0
note	105.457	1.32898	58	62	0
note	105.457	1.33585	53	85	0
note	106.827	0.0789834	35	127	9
note	106.823	0.0927197	49	127	9
note	106.944	0.103022	60	98	0
note	106.82	0.257555	40	85	1
note	107.043	0.123626	61	103	0
note	107.119	0.054945	59	127	9
note	107.115	0.0961537	44	127	9
note	107.143	0.0892856	63	98	0
note	107.256	0.0789834	64	110	0
note	107.139	0.257555	42	98	1
note	107.369	0.0480769	59	127	9
note	107.363	0.0789834	66	98	0
note	107.466	0.0652472	59	127	9
note	107.472	0.0892856	67	103	0
note	107.589	0.120192	69	103	0
note	107.459	0.281593	43	98	1
note	107.696	0.0824175	70	103	0
note	107.799	0.0515109	59	127	9
note	107.816	0.0755494	72	103	0
note	107.812	0.106456	44	127	9
note	107.915	0.123626	73	98	0
note	-1	109.053	44	-1	1
note	108.029	0.0412087	59	127	9
note	108.018	0.0824175	75	93	0
note	108.128	0.0652472	76	110	0
note	108.128	0.0686812	59	127	9
note	108.231	0.0892856	78	93	0
note	108.121	0.281593	45	98	1
note	108.348	0.0652472	79	103	0
note	106.803	1.67582	52	73	0
note	108.448	0.0515109	59	127	9
note	106.817	1.71016	58	64	0
note	108.437	0.0961537	44	127	9
note	108.479	0.106456	84	119	0
note	108.434	0.240384	49	93	1
note	108.674	0.0446428	59	127	9
note	108.712	0.0446428	45	59	1
note	108.657	0.106456	82	103	0
note	108.774	0.0652472	59	127	9
note	108.777	0.0858516	79	93	0
note	108.849	0.0755494	80	98	0
note	108.898	0.106456	81	98	0
note	108.764	0.247253	52	98	1
note	109.031	0.0480769	45	76	1
note	109.028	0.0721153	76	98	0
note	109.097	0.054945	59	127	9
note	109.076	0.106456	44	127	9
note	109.179	0.116758	79	110	0
note	109.104	0.199176	51	89	1
note	109.323	0.0446428	45	55	1
note	109.062	0.305632	65	64	0
note	109.069	0.305632	60	79	0
note	109.334	0.0480769	59	127	9
note	109.066	0.319368	61	70	0
note	109.069	0.32967	55	73	0
note	109.365	0.0755494	78	103	0
note	109.433	0.0618131	59	127	9
note	109.499	0.154533	77	110	0
note	109.406	0.271291	50	103	1
note	109.763	0.0652472	59	127	9
note	109.735	0.113324	44	127	9
note	109.742	0.154533	73	93	0
note	109.99	0.0446428	59	127	9
note	109.756	0.319368	38	103	1
note	110.017	0.106456	76	127	0
note	110.093	0.0652472	59	127	9
note	110.127	0.0686812	75	93	0
note	110.206	0.0892856	76	89	0
note	110.271	0.0755494	75	82	0
note	110.323	0.0652472	73	85	0
note	110.099	0.298763	41	103	1
note	110.439	0.0583791	59	127	9
note	110.402	0.106456	44	127	9
note	109.753	0.817307	53	64	0
note	109.746	0.834477	64	70	0
note	-1	111.587	59	-1	0
note	109.76	0.834477	57	73	0
note	110.45	0.175137	74	119	0
note	110.436	0.223214	48	103	1
note	110.663	0.0412088	59	127	9
note	110.673	0.0412087	69	89	0
note	110.687	0.0446428	41	82	1
note	110.755	0.0652472	59	127	9
note	110.783	0.195742	68	103	0
note	110.762	0.305632	46	103	1
note	111.088	0.0686812	59	127	9
note	111.078	0.106456	44	127	9
note	111.14	0.116758	67	110	0
note	111.102	0.274725	41	93	1
note	111.336	0.0515109	59	127	9
note	111.346	0.113324	67	119	0
note	111.432	0.0652472	59	127	9
note	111.58	0.106456	65	98	0
note	111.422	0.315934	40	98	1
note	111.758	0.0583791	59	127	9
note	111.744	0.0995878	44	127	9
note	111.744	0.250687	45	103	1
note	111.799	0.195742	67	127	0
note	111.985	0.0446428	59	127	9
note	112.095	0.054945	35	127	9
note	112.091	0.0686812	55	127	9
note	112.129	0.168269	65	103	0
note	112.088	0.309066	38	98	1
note	112.424	0.103022	44	127	9
note	112.459	0.182005	57	93	0
note	112.407	0.257555	43	103	1
note	112.661	0.0412088	38	76	1
note	112.764	0.0446428	55	114	9
note	112.778	0.0480769	35	110	9
note	112.854	0.0686812	55	127	9
note	112.857	0.0652472	35	127	9
note	112.768	0.178571	59	82	0
note	112.747	0.260989	45	110	1
note	113.091	0.0618131	35	127	9
note	113.097	0.0583791	55	127	9
note	113.077	0.106456	44	127	9
note	113.053	0.302198	38	85	1
note	113.307	0.0480769	55	127	9
note	113.303	0.0721153	35	127	9
note	113.376	0.216346	46	110	1
note	113.716	0.054945	59	127	9
note	113.722	0.106456	44	127	9
note	113.606	0.449862	38	110	1
note	113.987	0.113324	86	103	0
note	114.045	0.0721153	59	127	9
note	113.994	0.157967	79	110	0
note	114.107	0.0446428	80	89	0
note	114.001	0.302198	62	76	0
note	113.99	0.315934	53	85	0
note	113.994	0.319368	58	64	0
note	114.231	0.0961537	80	82	0
note	114.066	0.274725	40	98	1
note	114.296	0.0583791	79	98	0
note	114.179	0.188873	86	76	0
note	114.33	0.0446428	38	73	1
note	114.344	0.0480769	77	89	0
note	114.354	0.0618131	59	127	9
note	114.361	0.10989	44	127	9
note	114.474	0.116758	79	119	0
note	114.478	0.113324	86	98	0
note	114.602	0.0480769	59	127	9
note	114.423	0.260989	41	103	1
note	114.701	0.0618131	59	127	9
note	114.681	0.103022	79	119	0
note	114.684	0.113324	86	98	0
note	114.883	0.144231	77	85	0
note	114.876	0.168269	86	70	0
note	114.749	0.3125	38	89	1
note	115.034	0.054945	59	127	9
note	115.01	0.113324	44	127	9
note	115.058	0.0858516	53	127	9
note	115.268	0.0446428	59	127	9
note	115.144	0.168269	79	119	0
note	115.079	0.247253	48	119	1
note	115.141	0.216346	86	103	0
note	115.316	0.0446428	38	85	1
note	115.347	0.0480769	62	76	0
note	115.347	0.0480769	53	76	0
note	115.35	0.0446428	57	76	0
note	115.374	0.0240384	59	127	0
note	-1	116.439	59	-1	9
note	115.409	0.257555	47	110	1
note	115.494	0.206044	86	82	0
note	115.501	0.199176	77	76	0
note	115.718	0.0583791	59	127	9
note	115.721	0.0755494	53	127	9
note	115.704	0.123626	44	127	9
note	115.803	0.164835	79	110	0
note	115.807	0.178571	86	98	0
note	115.951	0.0412087	59	127	9
note	115.724	0.305632	38	89	1
note	116.064	0.0618131	59	127	9
note	116.113	0.188873	77	52	0
note	116.061	0.243818	46	103	1
note	116.099	0.209478	86	62	0
note	116.295	0.0480769	38	76	1
note	116.377	0.054945	59	127	9
note	116.377	0.0755494	53	127	9
note	116.377	0.113324	44	127	9
note	116.408	0.188873	79	119	0
note	116.363	0.240384	45	110	1
note	116.404	0.199176	86	98	0
note	116.6	0.0446428	59	127	9
note	116.707	0.0652472	59	127	9
note	116.738	0.206044	80	85	0
note	116.707	0.257555	44	85	1
note	116.741	0.230082	86	85	0
note	116.947	0.0412087	81	82	0
note	117.029	0.0618131	59	127	9
note	117.033	0.0789834	53	127	9
note	117.036	0.103022	44	127	9
note	117.067	0.10989	86	103	0
note	117.064	0.116758	82	103	0
note	117.019	0.264423	42	103	1
note	117.249	0.0480769	59	127	9
note	117.273	0.0686812	84	103	0
note	117.27	0.10989	80	103	0
note	117.352	0.0446428	81	93	0
note	117.356	0.0618131	59	127	9
note	117.438	0.140797	84	73	0
note	117.517	0.0721153	81	76	0
note	117.349	0.267857	43	89	1
note	117.555	0.0652472	77	103	0
note	117.63	0.0446428	72	85	0
note	117.678	0.0515109	59	127	9
note	117.689	0.0755494	53	127	9
note	117.699	0.10989	44	127	9
note	117.723	0.130494	70	103	0
note	117.902	0.0480769	59	127	9
note	117.668	0.322802	41	110	1
note	118.001	0.0618131	59	127	9
note	117.902	0.278159	68	98	0
note	117.909	0.274725	74	93	0
note	118.022	0.260989	40	85	1
note	118.252	0.0686812	69	89	0
note	118.338	0.0583791	59	127	9
note	118.338	0.0755494	53	127	9
note	118.334	0.113324	44	127	9
note	118.389	0.0961538	70	98	0
note	118.331	0.278159	38	103	1
note	118.568	0.0446428	59	127	9
note	118.558	0.123626	71	110	0
note	118.671	0.0618131	59	127	9
note	118.688	0.188873	72	98	0
note	118.664	0.281593	36	73	1
note	118.918	0.0480769	65	67	0
note	118.997	0.0480769	59	127	9
note	118.99	0.0789834	53	127	9
note	118.983	0.0995878	44	127	9
note	119.004	0.230082	70	98	0
note	119.207	0.0377747	59	127	9
note	118.997	0.295329	37	103	1
note	119.255	0.0480769	68	73	0
note	119.313	0.0618131	59	127	9
note	119.347	0.161401	69	103	0
note	119.543	0.0686812	65	93	0
note	119.33	0.291895	39	82	1
note	119.643	0.0583791	59	127	9
note	119.656	0.0721153	53	127	9
note	119.636	0.116758	44	127	9
note	119.653	0.171703	60	93	0
note	119.653	0.247253	40	98	1
note	119.876	0.0480769	59	127	9
note	119.976	0.0618131	59	127	9
note	120.003	0.302198	41	93	1
note	120.017	0.34684	57	89	0
note	120.02	0.34684	51	82	0
note	120.323	0.0515109	59	127	9
note	120.007	0.391483	65	103	0
note	120.33	0.0755494	53	127	9
note	120.316	0.103022	44	127	9
note	120.563	0.0446428	59	127	9
note	120.546	0.0961537	57	98	0
note	120.549	0.103022	51	85	0
note	120.326	0.339972	43	93	1
note	120.542	0.12706	69	98	0
note	120.656	0.0618131	59	127	9
note	120.663	0.182005	45	93	1
note	120.886	0.0412087	41	79	1
note	120.979	0.0721153	53	127	9
note	121.003	0.0618131	59	127	9
note	120.985	0.106456	44	127	9
note	120.975	0.199176	48	98	1
note	121.202	0.0721153	41	76	1
note	121.233	0.0480769	59	127	9
note	121.329	0.0618131	59	127	9
note	121.322	0.192307	63	127	0
note	121.298	0.305632	46	93	1
note	121.659	0.0446428	59	127	9
note	121.634	0.0721153	53	127	9
note	121.631	0.106456	44	127	9
note	121.662	0.147665	62	119	0
note	121.634	0.298763	41	93	1
note	121.889	0.0446428	59	127	9
note	121.861	0.168269	61	119	0
note	121.995	0.0618131	59	127	9
note	121.964	0.206044	50	93	1
note	122.205	0.0583791	41	82	1
note	122.284	0.0755494	53	127	9
note	122.308	0.0515109	59	127	9
note	122.201	0.157967	58	103	0
note	122.27	0.12706	44	127	9
note	122.527	0.0480769	59	127	9
note	122.531	0.0446428	56	85	0
note	122.28	0.315934	46	93	1
note	122.63	0.0618131	59	127	9
note	122.63	0.188873	57	110	0
note	122.624	0.322802	40	89	1
note	122.933	0.0652472	53	127	9
note	122.96	0.0583791	59	127	9
note	122.96	0.0995878	44	127	9
note	122.826	0.291895	54	103	0
note	122.963	0.21978	46	93	1
note	123.214	0.0412088	59	127	9
note	123.194	0.0721153	40	79	1
note	123.307	0.0652472	59	127	9
note	123.297	0.250687	54	103	0
note	123.29	0.291895	45	98	1
note	123.606	0.0721153	53	127	9
note	123.619	0.0583791	59	127	9
note	123.619	0.0858516	44	89	9
note	123.867	0.0412088	59	127	9
note	-1	124.949	44	-1	1
note	123.97	0.0618131	59	127	9
note	123.956	0.322802	45	110	1
note	124.262	0.054945	59	127	9
note	124.275	0.0686812	53	127	9
note	124.268	0.0995878	44	127	9
note	124.306	0.144231	72	98	0
note	124.299	0.154533	84	103	0
note	124.303	0.154533	77	103	0
note	124.286	0.206044	49	89	1
note	124.313	0.233516	65	73	0
note	124.32	0.230082	55	79	0
note	124.505	0.0480769	59	127	9
note	124.516	0.0412087	45	85	1
note	124.313	0.247252	61	76	0
note	124.316	0.247253	60	82	0
note	124.536	0.116758	82	103	0
note	124.598	0.0686812	59	127	9
note	124.602	0.257555	52	98	1
note	124.749	0.120192	84	98	0
note	124.742	0.133928	80	98	0
note	124.845	0.0721153	81	98	0
note	124.931	0.0583791	59	127	9
note	124.935	0.0686813	53	127	9
note	124.917	0.103022	44	127	9
note	124.996	0.0858516	84	98	0
note	124.986	0.113324	80	103	0
note	125.158	0.0446428	59	127	9
note	124.924	0.281593	51	98	1
note	125.244	0.309066	50	98	1
note	125.563	0.0618131	59	127	9
note	125.549	0.103022	44	127	9
note	125.597	0.0686812	53	127	9
note	125.573	0.285027	48	103	1
note	125.817	0.0480769	59	127	9
note	125.917	0.0618131	59	127	9
note	-1	126.999	53	-1	0
note	125.216	0.796702	64	82	0
note	125.223	0.793268	57	76	0
note	-1	127.023	59	-1	9
note	-1	127.023	59	-1	0
note	125.199	0.827609	79	98	0
note	125.196	0.841345	84	98	0
note	125.903	0.322802	46	85	1
note	126.233	0.0480769	59	127	9
note	126.229	0.0686812	53	127	9
note	126.229	0.0995878	44	127	9
note	126.473	0.0446428	59	127	9
note	126.497	0.0446428	77	70	0
note	126.24	0.343406	45	103	1
note	126.566	0.0686812	59	127	9
note	126.631	0.209478	67	82	0
note	126.634	0.206044	56	85	0
note	126.631	0.212912	62	93	0
note	126.617	0.23695	80	110	0
note	126.621	0.250687	86	103	0
note	126.597	0.3125	46	98	1
note	126.871	0.0412088	77	70	0
note	126.899	0.0446428	59	127	9
note	126.906	0.0686812	53	127	9
note	126.895	0.106456	44	127	9
note	126.974	0.106456	79	119	0
note	126.978	0.113324	86	98	0
note	127.122	0.0480769	59	127	9
note	126.933	0.285027	46	103	1
note	127.181	0.0480769	41	98	1
note	127.174	0.0961537	79	110	0
note	127.177	0.0961537	86	89	0
note	127.215	0.0652472	59	127	9
note	127.363	0.20261	86	73	0
note	127.373	0.192307	77	79	0
note	127.287	0.288461	45	98	1
note	127.376	0.216346	55	73	0
note	127.383	0.209478	65	54	0
note	127.369	0.23695	61	67	0
note	127.562	0.054945	59	127	9
note	127.596	0.0721153	53	127	9
note	127.586	0.103022	44	127	9
note	127.665	0.113324	86	103	0
note	127.661	0.123626	79	127	0
note	127.617	0.223214	52	98	1
note	127.799	0.0446428	59	127	9
note	127.874	0.0515109	45	89	1
note	127.912	0.0618131	35	127	9
note	127.963	0.0309066	55	98	9
note	-1	129.187	55	-1	1
note	128.214	0.0446428	45	79	1
note	128.269	0.0961537	44	127	9
note	128.42	0.054945	35	127	9
note	128.424	0.0515109	57	127	9
note	128.297	0.254121	53	110	1
note	127.874	0.693681	86	85	0
note	127.881	0.686813	77	89	0
note	127.895	0.673076	64	76	0
note	127.902	0.666208	59	67	0
note	-1	129.568	57	-1	0
note	-1	129.568	53	-1	0
note	128.606	0.267857	52	93	1
note	128.867	0.0480769	62	52	0
note	128.918	0.103022	44	127	9
note	128.977	0.12706	65	103	0
note	128.922	0.285027	50	103	1
note	129.162	0.0686812	67	98	0
note	129.227	0.0686812	59	127	9
note	129.323	0.175137	68	103	0
note	129.334	0.164835	74	93	0
note	129.244	0.271291	48	85	1
note	129.553	0.0480769	59	127	9
note	129.543	0.0995878	44	127	9
note	129.595	0.054945	53	127	9
note	129.646	0.116758	74	103	0
note	129.639	0.130494	68	103	0
note	129.797	0.0412088	59	127	9
note	129.574	0.298763	46	98	1
note	129.845	0.103022	67	110	0
note	129.845	0.10989	74	85	0
note	129.904	0.0618131	59	127	9
note	130.045	0.133928	65	79	0
note	130.034	0.151099	74	85	0
note	129.911	0.285027	45	89	1
note	130.196	0.103022	44	127	9
note	130.247	0.054945	53	127	9
note	130.251	0.0515109	59	127	9
note	130.295	0.123626	74	93	0
note	130.285	0.140797	67	110	0
note	130.23	0.295329	43	98	1
note	130.477	0.0515109	59	127	9
note	130.573	0.0652472	59	127	9
note	130.515	0.264423	65	82	0
note	130.512	0.278159	74	76	0
note	130.573	0.305632	41	67	1
note	130.879	0.0583791	53	127	9
note	130.882	0.0583791	59	127	9
note	130.862	0.103022	44	127	9
note	131.116	0.0446428	59	127	9
note	130.882	0.291895	50	110	1
note	131.126	0.0480769	41	64	1
note	131.216	0.0652472	59	127	9
note	131.233	0.260989	49	82	1
note	131.459	0.0446428	69	67	0
note	131.497	0.054945	53	127	9
note	131.521	0.0515109	59	127	9
note	131.507	0.0961538	44	127	9
note	131.566	0.0721153	74	110	0
note	131.689	0.113324	77	110	0
note	131.768	0.0446428	59	127	9
note	131.556	0.281593	52	110	1
note	131.786	0.0721153	79	93	0
note	131.865	0.0652472	59	127	9
note	131.947	0.103022	80	89	0
note	132.053	0.0961537	81	89	0
note	131.895	0.309066	50	93	1
note	132.146	0.0583791	84	110	0
note	132.174	0.0652472	59	127	9
note	132.198	0.054945	53	127	9
note	132.156	0.106456	44	127	9
note	132.27	0.106456	82	103	0
note	132.424	0.0412088	59	127	9
note	132.235	0.247253	45	103	1
note	132.452	0.103022	78	110	0
note	132.534	0.0618131	59	127	9
note	132.637	0.0995878	77	89	0
note	132.541	0.288461	38	70	1
note	132.847	0.0583791	59	127	9
note	132.802	0.106456	75	103	0
note	132.867	0.054945	53	127	9
note	132.836	0.113324	44	127	9
note	132.96	0.103022	72	79	0
note	132.85	0.254121	42	103	1
note	133.094	0.0446428	38	76	1
note	133.097	0.0412088	59	127	9
note	133.135	0.0480769	73	79	0
note	133.183	0.0652472	59	127	9
note	133.238	0.151099	74	93	0
note	133.187	0.278159	43	89	1
note	133.506	0.0480769	59	127	9
note	133.509	0.0583791	53	127	9
note	133.496	0.106456	44	127	9
note	133.437	0.223214	69	67	0
note	133.743	0.0480769	59	127	9
note	133.509	0.322802	45	110	1
note	133.839	0.0618131	59	127	9
note	133.867	0.192307	69	64	0
note	133.846	0.302198	46	85	1
note	134.165	0.0515109	59	127	9
note	134.165	0.0618131	53	127	9
note	134.145	0.103022	44	127	9
note	134.162	0.281593	43	85	1
note	134.42	0.0446428	59	127	9
note	134.505	0.0652472	59	127	9
note	134.505	0.264423	48	93	1
note	134.832	0.0446428	59	127	9
note	134.814	0.0652472	53	127	9
note	134.811	0.106456	44	127	9
note	134.979	0.0721153	91	93	0
note	135.072	0.0446428	59	127	9
note	135.038	0.0858516	90	93	0
note	134.842	0.298763	43	85	1
note	135.089	0.0824175	89	98	0
note	135.161	0.0652472	59	127	9
note	135.168	0.0686812	88	103	0
note	135.281	0.0927197	85	93	0
note	135.378	0.0652472	84	103	0
note	134.495	0.964972	52	67	0
note	134.492	0.982142	63	59	0
note	134.492	0.985576	58	67	0
note	135.175	0.3125	36	70	1
note	135.467	0.0515109	59	127	9
note	135.491	0.0618131	53	127	9
note	135.457	0.0995878	44	127	9
note	135.467	0.130494	82	93	0
note	135.57	0.0927197	80	98	0
note	135.673	0.0686813	76	93	0
note	135.7	0.0480769	59	127	9
note	135.501	0.260989	43	119	1
note	135.742	0.0446428	36	82	1
note	135.8	0.0618131	59	127	9
note	135.773	0.10989	75	93	0
note	135.865	0.0961537	73	89	0
note	135.961	0.0480769	72	93	0
note	135.831	0.285027	41	85	1
note	136.058	0.116758	70	82	0
note	136.099	0.0961538	44	127	9
note	136.137	0.0583791	59	127	9
note	136.15	0.0583791	53	127	9
note	136.209	0.0446428	67	76	0
note	136.298	0.0583791	68	76	0
note	136.37	0.0515109	59	127	9
note	136.356	0.0755494	69	82	0
note	136.167	0.305632	43	103	1
note	136.418	0.106456	72	98	0
note	136.477	0.0618131	59	127	9
note	136.511	0.171703	67	93	0
note	136.731	0.0412088	65	59	0
note	136.494	0.281593	45	98	1
note	136.803	0.054945	53	127	9
note	136.823	0.0515109	59	127	9
note	136.789	0.0927197	44	127	9
note	136.796	0.12706	68	98	0
note	136.944	0.0480769	65	55	0
note	136.813	0.267857	41	82	1
note	137.053	0.0480769	59	127	9
note	137.023	0.130494	67	103	0
note	137.153	0.0618131	59	127	9
note	137.136	0.0995878	66	93	0
note	137.146	0.278159	46	110	1
note	137.366	0.0927197	63	110	0
note	137.469	0.0446428	59	127	9
note	137.472	0.0446428	60	93	0
note	137.462	0.0583791	53	127	9
note	137.466	0.0995878	44	127	9
note	137.575	0.0995878	56	98	0
note	137.472	0.226648	41	89	1
note	137.699	0.0446428	59	127	9
note	137.706	0.0480769	55	82	0
note	137.768	0.0858516	56	82	0
note	137.799	0.0652472	59	127	9
note	137.854	0.0789834	55	93	0
note	137.957	0.0446428	53	59	0
note	137.795	0.322802	34	76	1
note	138.025	0.137362	58	98	0
note	138.111	0.0583791	53	127	9
note	138.125	0.0583791	59	127	9
note	138.135	0.103022	44	127	9
note	138.142	0.0995878	56	93	0
note	138.279	0.0377747	53	85	0
note	138.128	0.267857	41	119	1
note	138.358	0.0480769	59	127	9
note	138.352	0.0618131	54	85	0
note	138.365	0.0686812	34	85	1
note	138.472	0.0618131	59	127	9
note	138.413	0.185439	55	103	0
note	138.458	0.271291	40	89	1
note	138.77	0.0583791	53	127	9
note	138.781	0.0618131	59	127	9
note	138.774	0.0927197	44	127	9
note	138.781	0.271291	42	103	1
note	139.038	0.0515109	59	127	9
note	139.028	0.116758	57	127	0
note	139.145	0.0652472	59	127	9
note	139.104	0.274725	43	89	1
note	139.176	0.250687	54	70	0
note	139.426	0.054945	59	127	9
note	139.433	0.0618131	53	127	9
note	139.43	0.103022	44	127	9
note	-1	140.698	44	-1	1
note	139.684	0.0446428	59	127	9
note	139.777	0.0652472	59	127	9
note	139.735	0.298763	45	93	1
note	140.069	0.0618131	59	127	9
note	140.082	0.0618131	53	127	9
note	140.089	0.0961538	44	127	9
note	140.079	0.298763	46	103	1
note	140.35	0.0446428	59	127	9
note	140.309	0.10989	57	119	0
note	140.436	0.0652472	59	127	9
note	140.46	0.140797	53	57	0
note	140.412	0.271291	48	98	1
note	140.735	0.0515109	59	127	9
note	140.735	0.0583791	53	127	9
note	140.735	0.0995878	44	127	9
note	140.975	0.0515109	59	127	9
note	140.728	0.326236	49	98	1
note	141.064	0.212912	50	98	1
note	141.312	0.0412087	45	79	1
note	141.387	0.054945	53	127	9
note	141.384	0.0652472	59	127	9
note	-1	142.501	53	-1	0
note	141.408	0.0995878	44	127	9
note	141.058	0.449862	57	85	0
note	141.051	0.463598	64	85	0
note	-1	142.518	59	-1	9
note	-1	142.518	59	-1	0
note	141.6	0.0686812	64	89	0
note	141.6	0.0686812	53	89	0
note	141.607	0.0652472	57	89	0
note	141.638	0.0377747	59	127	0
note	141.387	0.298763	48	110	1
note	-1	142.686	59	-1	9
note	141.734	0.0618131	59	127	9
note	141.71	0.339972	46	93	1
note	142.029	0.0583791	53	127	9
note	142.04	0.0583791	59	127	9
note	142.033	0.0961537	44	127	9
note	142.294	0.0446428	59	127	9
note	142.064	0.3125	45	98	1
note	142.39	0.0618131	59	127	9
note	142.428	0.168269	67	93	0
note	142.424	0.175137	56	89	0
note	142.428	0.175137	62	98	0
note	142.417	0.223214	81	119	0
note	142.421	0.250687	86	110	0
note	142.411	0.326236	46	93	1
note	142.716	0.0583791	59	127	9
note	142.723	0.0618131	53	127	9
note	142.72	0.0892856	44	127	9
note	142.775	0.209478	86	98	0
note	142.95	0.0412088	59	127	9
note	142.775	0.216346	80	103	0
note	142.744	0.298763	41	89	1
note	143.056	0.0652472	59	127	9
note	143.101	0.178571	86	103	0
note	143.108	0.171703	55	93	0
note	143.108	0.178571	65	89	0
note	143.101	0.199176	61	89	0
note	143.104	0.195742	79	110	0
note	143.06	0.281593	40	89	1
note	143.393	0.054945	53	127	9
note	143.4	0.0583791	59	127	9
note	143.386	0.106456	44	127	9
note	143.43	0.133928	86	110	0
note	143.434	0.130494	77	119	0
note	143.643	0.0515109	59	98	9
note	143.393	0.32967	45	110	1
note	143.74	0.0618131	59	127	9
note	143.647	0.195742	64	110	0
note	-1	144.849	59	-1	0
note	143.647	0.20261	57	103	0
note	143.65	0.20261	53	110	0
note	143.633	0.226648	86	98	0
note	143.64	0.21978	74	119	0
note	143.729	0.322802	43	89	1
note	144.062	0.0583791	53	127	9
note	144.066	0.0618131	59	127	9
note	144.069	0.103022	44	127	9
note	144.306	0.0480769	59	127	9
note	144.059	0.3125	41	98	1
note	144.282	0.140797	62	98	0
note	144.286	0.137363	53	98	0
note	144.279	0.151099	57	93	0
note	144.406	0.0274725	59	127	0
note	144.268	0.178571	77	110	0
note	144.265	0.195742	89	103	0
note	-1	145.468	59	-1	9
note	144.392	0.257555	38	85	1
note	144.718	0.0583791	53	127	9
note	144.732	0.0618131	59	127	9
note	144.715	0.113324	44	127	9
note	144.732	0.23695	45	98	1
note	144.955	0.0446428	38	82	1
note	144.972	0.0446428	59	127	9
note	145.072	0.0618131	59	127	9
note	145.065	0.257555	46	103	1
note	145.371	0.054945	59	127	9
note	145.371	0.0618131	53	127	9
note	-1	146.467	53	-1	0
note	145.374	0.0961538	44	127	9
note	145.065	0.415522	62	82	0
note	145.055	0.429258	58	79	0
note	145.381	0.285027	41	76	1
note	145.621	0.0480769	59	127	9
note	145.625	0.0446428	62	82	0
note	145.618	0.0755494	53	85	0
note	145.621	0.0789834	58	82	0
note	145.711	0.0618131	59	127	9
note	145.687	0.315934	38	79	1
note	145.968	0.0721153	74	98	0
note	146.003	0.0515109	59	127	9
note	146.013	0.0583791	53	127	9
note	146.044	0.103022	44	127	9
note	146.099	0.0755494	77	119	0
note	146.027	0.250687	46	110	1
note	146.24	0.0412088	59	127	9
note	146.264	0.0446428	38	89	1
note	146.274	0.0652472	79	110	0
note	146.339	0.0652472	59	127	9
note	146.432	0.120192	53	89	0
note	146.428	0.130494	62	85	0
note	146.425	0.137363	57	85	0
note	146.425	0.140797	59	82	0
note	146.422	0.154533	86	103	0
note	146.418	0.161401	81	110	0
note	146.37	0.254121	47	103	1
note	146.672	0.0583791	59	127	9
note	146.7	0.0583791	53	127	9
note	146.693	0.103022	44	127	9
note	146.731	0.206044	80	103	0
note	146.734	0.209478	86	103	0
note	146.909	0.0446428	59	127	9
note	146.686	0.291895	41	79	1
note	147.005	0.0652472	59	127	9
note	147.06	0.157967	86	110	0
note	147.064	0.168269	79	127	0
note	147.019	0.285027	38	82	1
note	147.352	0.0515109	59	127	9
note	147.349	0.0618131	53	127	9
note	147.356	0.103022	44	127	9
note	147.369	0.0927197	77	119	0
note	147.373	0.0927197	86	103	0
note	147.335	0.254121	47	110	1
note	147.565	0.0446428	38	89	1
note	147.579	0.0446428	59	127	9
note	147.682	0.0652472	59	127	9
note	147.682	0.188873	48	110	1
note	147.572	0.43956	74	110	0
note	147.596	0.42239	54	89	0
note	147.593	0.432692	65	93	0
note	147.593	0.446428	60	98	0
note	147.998	0.0446428	59	127	9
note	147.569	0.477335	86	103	0
note	147.994	0.0618131	53	127	9
note	147.991	0.103022	44	127	9
note	148.221	0.0480769	59	127	9
note	148.194	0.0858516	77	110	0
note	148.204	0.0858516	65	93	0
note	148.207	0.0892856	60	93	0
note	148.2	0.106456	54	85	0
note	147.884	0.436126	38	127	1
note	148.194	0.12706	89	103	0
note	148.331	0.0618131	59	127	9
note	148.616	0.0618131	53	127	9
note	148.626	0.054945	59	127	9
note	148.626	0.106456	44	127	9
note	148.853	0.0480769	59	127	9
note	148.324	0.600961	42	103	1
note	148.911	0.0412088	38	85	1
note	148.963	0.0618131	59	127	9
note	149.007	0.315934	43	103	1
note	149.279	0.054945	59	127	9
note	149.316	0.0618131	53	127	9
note	149.299	0.103022	44	127	9
note	-1	150.43	53	-1	0
note	149.007	0.429258	57	89	0
note	149.004	0.43956	62	89	0
note	149.001	0.449862	58	67	0
note	149.529	0.0446428	59	127	9
note	149.337	0.32967	45	110	1
note	149.622	0.0721153	59	127	9
note	149.581	0.120192	62	82	0
note	149.577	0.12706	53	82	0
note	149.581	0.12706	58	59	0
note	149.584	0.123626	57	93	0
note	149.674	0.233516	46	85	1
note	149.945	0.0480769	59	127	9
note	149.948	0.0480769	74	82	0
note	149.931	0.0755494	43	82	1
note	149.976	0.0652472	53	127	9
note	149.969	0.0961537	44	127	9
note	150.072	0.0755494	77	110	0
note	150.178	0.0480769	59	127	9
note	150.027	0.216346	50	103	1
note	150.226	0.0686812	79	103	0
note	150.268	0.0412088	43	70	1
note	150.285	0.0652472	59	127	9
note	150.381	0.199176	80	103	0
note	150.388	0.209478	84	103	0
note	150.577	0.0412088	81	93	0
note	150.34	0.295329	48	103	1
note	150.645	0.0652472	59	127	9
note	150.669	0.0652472	53	127	9
note	150.652	0.10989	44	127	9
note	150.7	0.0858516	86	110	0
note	150.697	0.0961538	82	103	0
note	150.876	0.0412088	59	127	9
note	150.656	0.302197	46	93	1
note	150.886	0.0961538	84	103	0
note	150.889	0.120192	80	98	0
note	150.975	0.0480769	81	103	0
note	150.975	0.0652472	59	127	9
note	151.075	0.0755494	84	81	0
note	151.133	0.0824175	81	70	0
note	151.202	0.0858516	77	85	0
note	150.968	0.322802	45	98	1
note	151.288	0.0583791	59	127	9
note	150.378	0.97184	62	98	0
note	151.277	0.0789834	72	85	0
note	150.381	0.978708	52	93	0
note	150.374	1.00275	58	82	0
note	151.315	0.0652472	53	127	9
note	151.291	0.120192	44	127	9
note	151.377	0.12706	70	103	0
note	151.305	0.233516	43	85	1
note	151.514	0.0446428	59	127	9
note	151.552	0.106456	68	119	0
note	151.641	0.0686812	35	127	9
note	151.645	0.0789834	55	127	9
note	151.638	0.315934	41	93	1
note	151.672	0.384615	51	70	0
note	151.95	0.10989	44	127	9
note	151.683	0.381181	62	73	0
note	151.562	0.508241	74	119	0
note	151.665	0.408653	69	98	0
note	151.683	0.391483	57	73	0
note	151.971	0.23695	43	89	1
note	152.211	0.0206044	57	98	9
note	152.177	0.054945	35	127	9
note	152.232	0.0446428	41	82	1
note	152.208	0.0721153	51	98	0
note	152.211	0.0686812	62	93	0
note	-1	153.287	57	-1	0
note	152.208	0.0892856	77	110	0
note	152.314	0.199176	45	85	1
note	152.531	0.0446428	41	82	1
note	152.617	0.0995878	44	127	9
note	152.658	0.0892856	45	127	9
note	152.623	0.182005	48	103	1
note	152.751	0.0789834	43	127	9
note	152.84	0.0618131	41	127	1
note	-1	153.902	41	-1	9
note	152.96	0.10989	34	110	0
note	152.957	0.123626	46	110	1
note	-1	154.08	46	-1	0
note	153.269	0.103022	44	127	9
note	152.946	0.429258	49	127	9
note	152.943	0.453296	35	127	9
note	153.259	0.34684	45	103	1
note	153.595	0.0721153	35	127	9
note	153.602	0.0892856	49	127	9
note	153.626	0.0755494	60	98	0
note	153.606	0.106456	70	98	0
note	153.619	0.0927197	63	93	0
note	153.626	0.0858516	55	103	0
note	153.612	0.106456	79	110	0
note	153.612	0.116758	75	98	0
note	153.616	0.113324	82	103	0
note	153.619	0.10989	56	93	0
note	153.612	0.291895	43	98	1
note	153.928	0.0995878	44	127	9
note	154.117	0.0618131	35	127	9
note	154.121	0.0583791	57	127	9
note	153.939	0.274725	41	98	1
note	154.279	0.333104	40	93	1
note	154.591	0.0480769	59	127	9
note	154.574	0.0995878	44	127	9
note	154.141	0.666208	52	98	0
note	154.124	0.686813	81	98	0
note	154.128	0.683378	74	110	0
note	154.128	0.693681	69	110	0
note	154.124	0.703983	78	89	0
note	154.131	0.700549	55	103	0
note	154.138	0.693681	62	98	0
note	154.825	0.0137362	59	127	0
note	-1	155.869	59	-1	9
note	154.608	0.281593	42	103	1
note	154.928	0.0618131	59	127	9
note	155.161	0.0480769	62	85	0
note	155.165	0.0446428	74	82	0
note	155.168	0.0412088	55	85	0
note	155.175	0.0343406	59	73	0
note	155.158	0.054945	69	89	0
note	155.175	0.0446428	52	57	0
note	154.928	0.295329	43	85	1
note	155.172	0.0686812	78	62	0
note	155.158	0.0995878	81	89	0
note	155.247	0.0652472	59	127	9
note	155.261	0.0721153	44	98	9
note	155.508	0.00343406	55	103	9
note	155.453	0.0755494	35	127	9
note	-1	156.56	44	-1	1
note	155.604	0.271291	45	89	1
note	155.903	0.0480769	59	127	9
note	155.882	0.10989	44	127	9
note	156.147	0.0480769	59	127	9
note	155.92	0.295329	46	103	1
note	155.498	0.755494	72	119	0
note	155.501	0.75206	65	110	0
note	155.491	0.765796	77	110	0
note	155.494	0.762362	84	103	0
note	155.512	0.745192	61	89	0
note	155.505	0.758928	60	98	0
note	-1	157.274	55	-1	0
note	156.24	0.0686812	59	127	9
note	156.253	0.274725	48	89	1
note	156.58	0.0618131	59	127	9
note	156.559	0.116758	44	127	9
note	156.813	0.0446428	59	127	9
note	156.569	0.315934	49	98	1
note	156.899	0.0652472	55	127	9
note	156.93	0.185439	50	89	1
note	157.139	0.0480769	45	82	1
note	157.242	0.0480769	59	127	9
note	157.232	0.113324	44	127	9
note	156.933	0.518543	60	89	0
note	-1	158.49	50	-1	0
note	156.926	0.573488	69	76	0
note	157.469	0.0480769	59	127	9
note	156.919	0.604395	65	85	0
note	157.218	0.309066	48	110	1
note	156.923	0.624999	76	89	0
note	156.919	0.631867	72	89	0
note	157.558	0.0618131	59	127	9
note	157.558	0.322802	46	89	1
note	157.888	0.0515109	59	127	9
note	157.884	0.12706	44	127	9
note	158.132	0.0515109	59	127	9
note	157.898	0.288461	45	103	1
note	158.228	0.0618131	59	127	9
note	158.221	0.12706	67	85	0
note	158.238	0.140797	56	85	0
note	158.228	0.154533	68	73	0
note	158.224	0.161401	72	89	0
note	158.231	0.161401	62	93	0
note	158.235	0.157967	46	93	0
note	158.245	0.302198	41	89	1
note	158.547	0.0480769	59	127	9
note	158.571	0.103022	44	127	9
note	158.767	0.0446428	59	127	9
note	158.558	0.322802	46	110	1
note	158.891	0.0515109	35	127	9
note	158.904	0.0892856	45	110	0
note	158.746	0.278159	61	82	0
note	158.753	0.278159	67	85	0
note	158.764	0.271291	55	85	0
note	158.99	0.0721153	39	127	9
note	158.75	0.315934	72	89	0
note	-1	160.183	45	-1	1
note	159.237	0.054945	39	127	9
note	159.22	0.120192	44	127	9
note	159.213	0.305632	40	93	1
note	159.454	0.0721153	39	127	9
note	159.564	0.0652472	38	103	9
note	159.876	0.0515109	38	127	9
note	159.852	0.0927197	44	127	9
note	159.914	0.195742	79	119	0
note	160.096	0.0480769	38	127	9
note	-1	161.206	38	-1	1
note	160.123	0.130494	81	93	0
note	160.216	0.0652472	38	127	9
note	160.261	0.182005	76	85	0
note	159.577	0.889422	53	79	0
note	159.567	0.906593	62	79	0
note	159.571	0.927197	57	79	0
note	160.546	0.0412088	38	127	9
note	160.508	0.0858516	44	127	9
note	160.463	0.154533	74	82	0
note	160.223	0.546016	45	110	1
note	160.766	0.0412088	38	127	1
note	-1	161.817	38	-1	9
note	160.783	0.147665	81	98	0
note	160.876	0.0652472	38	127	9
note	160.862	0.233516	46	103	1
note	161.088	0.123626	81	110	0
note	161.195	0.0446428	38	127	9
note	161.178	0.0824175	44	127	9
note	161.209	0.103022	79	93	0
note	161.305	0.0686812	77	79	0
note	161.422	0.0446428	38	127	9
note	161.38	0.116758	76	93	0
note	161.531	0.0480769	38	127	9
note	161.525	0.23695	74	73	0
note	160.79	1.01305	53	89	0
note	160.797	1.01305	62	79	0
note	160.79	1.04052	58	67	0
note	161.837	0.0240384	38	127	1
note	-1	162.889	38	-1	9
note	161.837	0.0927197	44	127	9
note	161.854	0.21978	72	119	0
note	161.865	0.243818	46	103	1
note	162.084	0.0274725	38	93	9
note	-1	163.146	38	-1	1
note	162.184	0.0652472	38	127	9
note	162.194	0.216346	47	110	1
note	162.517	0.0480769	38	127	9
note	162.52	0.0858516	44	127	9
note	162.747	0.0446428	38	127	9
note	162.864	0.0583791	38	127	9
note	162.115	0.851648	69	67	0
note	162.139	0.827609	53	76	0
note	162.129	0.841345	62	73	0
note	162.132	0.844779	59	64	0
note	162.126	0.855082	57	67	0
note	163.159	0.00686812	38	127	1
note	-1	164.207	38	-1	9
note	163.073	0.137362	72	119	0
note	163.142	0.0927197	44	127	9
note	163.273	0.103022	75	89	0
note	163.183	0.233516	47	119	1
note	163.403	0.0309066	38	98	9
note	-1	164.444	38	-1	1
note	163.365	0.133928	76	98	0
note	163.496	0.0721153	38	127	9
note	163.812	0.0858516	44	127	9
note	163.849	0.0480769	38	127	9
note	163.561	0.511675	69	67	0
note	164.059	0.0480769	38	127	9
note	163.506	0.655906	45	119	1
note	164.176	0.0686812	38	127	9
note	164.169	0.206044	60	82	0
note	164.165	0.21978	58	67	0
note	164.172	0.212912	63	76	0
note	164.172	0.21978	54	76	0
note	164.464	0.0892856	44	127	9
note	164.505	0.0480769	38	127	9
note	164.718	0.0515109	38	127	9
note	-1	165.797	38	-1	1
note	164.832	0.0686812	38	127	9
note	165.165	0.0480769	38	127	9
note	165.151	0.0789834	44	127	9
note	165.378	0.0446428	38	127	9
note	164.821	0.662774	43	110	1
note	165.494	0.0446428	38	110	9
note	164.832	0.841345	53	82	0
note	164.845	0.831043	57	79	0
note	164.849	0.834477	62	70	0
note	164.842	0.844779	58	57	0
note	165.814	0.0412088	38	127	9
note	165.714	0.140797	77	85	0
note	165.81	0.0858516	44	127	9
note	165.848	0.137362	78	93	0
note	166.04	0.0412088	38	127	9
note	-1	167.133	38	-1	1
note	166.157	0.0583791	38	127	9
note	166.058	0.199176	79	119	0
note	166.497	0.0480769	38	127	9
note	166.377	0.168269	77	119	0
note	166.511	0.0824175	44	127	9
note	166.624	0.0995878	76	103	0
note	166.717	0.0480769	38	127	9
note	166.157	0.65934	36	93	1
note	166.727	0.120192	74	93	0
note	166.82	0.0686812	38	127	9
note	166.075	0.982142	57	79	0
note	166.875	0.182005	72	70	0
note	166.064	0.995878	62	76	0
note	166.068	0.999312	52	82	0
note	166.071	1.01305	58	62	0
note	167.15	0.0515109	38	127	9
note	167.146	0.0824175	44	127	9
note	167.143	0.188873	74	103	0
note	166.803	0.607829	43	110	1
note	167.376	0.0412088	38	127	9
note	167.387	0.0377747	36	89	1
note	167.479	0.0686812	38	127	9
note	167.802	0.0480769	38	127	9
note	167.819	0.0858516	44	127	9
note	167.397	0.618131	60	62	0
note	167.411	0.604395	55	67	0
note	167.407	0.621565	57	64	0
note	168.025	0.0446428	38	127	9
note	167.387	0.683378	69	64	0
note	167.465	0.64217	41	103	1
note	168.128	0.0721153	38	127	9
note	168.437	0.0446428	38	127	9
note	168.345	0.157967	76	110	0
note	168.434	0.0892856	44	127	9
note	168.558	0.0961537	74	110	0
note	168.654	0.0446428	38	127	9
note	168.111	0.635302	36	98	1
note	168.75	0.0721153	38	127	9
note	168.798	0.23695	64	85	0
note	169.083	0.0446428	38	127	9
note	169.093	0.0892856	44	127	9
note	169.272	0.0412088	38	127	9
note	169.255	0.0755494	65	93	0
note	168.767	0.679944	34	85	1
note	169.389	0.0652472	38	127	9
note	169.725	0.0446428	38	127	9
note	169.753	0.0995878	44	127	9
note	169.708	0.175137	81	85	0
note	169.461	0.446428	62	82	0
note	169.004	0.906593	57	85	0
note	169.014	0.910027	58	59	0
note	169.931	0.0480769	79	85	0
note	169.952	0.0446428	38	127	9
note	169.454	0.552884	41	110	1
note	170.075	0.054945	38	127	9
note	170.402	0.0480769	38	127	9
note	170.388	0.103022	44	127	9
note	170.323	0.185439	62	93	0
note	170.333	0.23695	50	85	0
note	-1	171.584	38	-1	1
note	170.642	0.0446428	38	127	9
note	170.56	0.188873	55	103	0
note	170.553	0.209478	67	110	0
note	170.556	0.226648	43	103	1
note	170.745	0.0412087	38	127	9
note	170.772	0.182005	60	93	0
note	170.769	0.188873	72	98	0
note	170.776	0.195742	48	110	1
note	171.003	0.0961538	44	127	9
note	171.061	0.0515109	38	127	9
note	170.982	0.212912	65	103	0
note	170.982	0.212912	53	98	0
note	170.989	0.216346	41	98	1
note	171.188	0.0686812	58	89	0
note	171.185	0.0824175	70	89	0
note	171.284	0.0480769	38	127	9
note	171.195	0.199176	46	98	1
note	171.394	0.0686812	38	127	9
note	171.72	0.0446428	38	127	9
note	171.693	0.0789834	44	127	9
note	171.926	0.0480769	38	127	9
note	171.408	0.652472	51	103	1
note	172.043	0.0686813	38	127	9
note	171.394	0.776098	63	85	0
note	171.404	0.772664	61	76	0
note	171.404	0.782966	57	85	0
note	171.391	0.817307	71	93	0
note	171.387	0.827609	66	82	0
note	171.384	0.855082	75	89	0
note	172.376	0.0412087	38	127	9
note	172.362	0.0892856	44	127	9
note	172.606	0.0480769	38	127	9
note	172.071	0.611263	49	98	1
note	172.716	0.0686813	38	127	9
note	172.757	0.20261	57	76	0
note	172.761	0.20261	55	70	0
note	172.761	0.21978	60	70	0
note	172.97	0.123626	68	98	0
note	173.053	0.0480769	38	127	9
note	173.036	0.0789834	44	127	9
note	173.087	0.171703	69	98	0
note	173.276	0.0480769	38	127	9
note	172.706	0.621565	50	110	1
note	173.307	0.0412087	65	76	0
note	173.382	0.0686812	38	127	9
note	173.417	0.243818	79	103	0
note	173.619	0.0446428	67	79	0
note	173.619	0.0583791	57	89	0
note	173.609	0.0755494	63	82	0
note	173.688	0.0858516	44	127	9
note	173.736	0.0446428	38	127	9
note	173.764	0.168269	77	98	0
note	173.959	0.0480769	38	127	9
note	173.417	0.607829	48	110	1
note	174.059	0.0721153	38	127	9
note	174.001	0.260989	67	70	0
note	174.001	0.267857	56	70	0
note	174.004	0.264423	62	82	0
note	173.983	0.309066	76	89	0
note	174.365	0.0480769	38	127	9
note	174.31	0.120192	77	103	0
note	174.382	0.0824175	44	127	9
note	174.426	0.164835	76	98	0
note	174.601	0.0480769	38	127	9
note	174.086	0.604395	46	98	1
note	174.708	0.0618131	38	127	9
note	174.643	0.3125	65	64	0
note	174.65	0.315934	55	64	0
note	174.646	0.326236	61	64	0
note	174.643	0.336538	69	76	0
note	175.051	0.0412087	38	127	9
note	175.031	0.0789834	44	127	9
note	175.275	0.0377747	38	127	9
note	174.725	0.638736	45	98	1
note	175.398	0.0446428	38	93	9
note	175.721	0.0480769	38	127	9
note	175.707	0.0824175	44	127	9
note	175.783	0.188873	79	119	0
note	175.944	0.0412088	38	127	9
note	-1	177.037	38	-1	1
note	175.992	0.0927197	81	76	0
note	176.047	0.0721153	38	127	9
note	176.14	0.188873	76	67	0
note	175.405	0.954669	53	73	0
note	175.402	0.975274	62	73	0
note	175.402	0.999312	57	76	0
note	176.339	0.0824175	44	127	9
note	176.394	0.0446428	38	127	9
note	176.346	0.0927197	74	79	0
note	176.044	0.570054	45	110	1
note	176.61	0.0343406	38	89	9
note	-1	177.652	38	-1	1
note	176.71	0.0686812	38	127	9
note	176.645	0.154533	81	103	0
note	176.703	0.230082	46	103	1
note	176.944	0.0995878	81	98	0
note	177.05	0.0412087	38	127	9
note	177.019	0.0824175	44	127	9
note	177.04	0.123626	79	89	0
note	177.156	0.0755494	77	76	0
note	177.256	0.0412088	38	127	9
note	177.242	0.103022	76	82	0
note	177.362	0.0618131	38	127	9
note	177.366	0.223214	74	67	0
note	176.658	0.954669	53	93	0
note	176.655	0.975274	62	85	0
note	176.662	0.985576	58	70	0
note	-1	178.675	38	-1	1
note	177.692	0.0446428	38	127	9
note	177.665	0.0858516	44	127	9
note	177.672	0.216346	72	110	0
note	177.682	0.250687	46	103	1
note	177.912	0.0309066	38	89	9
note	-1	178.957	38	-1	1
note	178.015	0.0515109	38	127	9
note	178.015	0.230082	47	103	1
note	178.327	0.0480769	38	127	9
note	178.317	0.0858516	44	127	9
note	177.929	0.576922	69	70	0
note	177.967	0.539148	53	67	0
note	177.95	0.563186	62	67	0
note	177.953	0.573488	59	59	0
note	177.946	0.590659	57	62	0
note	178.558	0.0480769	38	127	9
note	178.657	0.0618131	38	127	9
note	178.973	0.0137363	38	127	1
note	178.832	0.164835	72	119	0
note	-1	180.025	38	-1	9
note	178.966	0.0824175	44	127	9
note	179.045	0.103022	75	85	0
note	179.011	0.230082	47	119	1
note	179.22	0.0343406	38	93	9
note	-1	180.265	38	-1	1
note	179.124	0.161401	76	93	0
note	179.313	0.0652472	38	127	9
note	179.653	0.0446428	38	127	9
note	179.629	0.0858516	44	127	9
note	179.344	0.556318	69	64	0
note	179.883	0.0446428	38	127	9
note	179.323	0.614697	45	110	1
note	179.99	0.0652472	38	127	9
note	179.979	0.195742	60	89	0
note	179.979	0.199176	54	79	0
note	179.976	0.209478	63	79	0
note	179.972	0.223214	58	67	0
note	180.302	0.0412087	38	127	9
note	180.295	0.0824175	44	127	9
note	180.529	0.0412087	38	127	9
note	-1	181.604	38	-1	1
note	180.628	0.0721153	38	127	9
note	180.954	0.0515109	38	127	9
note	180.965	0.0858516	44	127	9
note	181.164	0.0480769	38	127	9
note	180.649	0.597527	43	103	1
note	181.281	0.0618131	38	127	9
note	180.604	0.793268	53	73	0
note	180.615	0.800137	57	79	0
note	180.611	0.807005	62	70	0
note	180.604	0.827609	58	57	0
note	181.607	0.0412087	38	127	9
note	181.518	0.154533	77	103	0
note	181.607	0.0789834	44	127	9
note	181.645	0.130494	78	98	0
note	181.81	0.0446428	38	127	9
note	181.298	0.570054	50	103	1
note	181.868	0.0446428	43	67	1
note	181.933	0.0721153	38	127	9
note	181.844	0.175137	79	103	0
note	182.273	0.0480769	38	127	9
note	182.253	0.0892856	44	127	9
note	182.17	0.233516	77	110	0
note	182.4	0.0961537	76	98	0
note	182.5	0.0480769	38	127	9
note	181.943	0.645604	48	103	1
note	182.503	0.113324	74	89	0
note	182.599	0.0652472	38	127	9
note	181.847	0.982142	62	73	0
note	181.854	0.978708	57	76	0
note	181.854	0.982142	52	79	0
note	182.644	0.20261	72	67	0
note	181.847	1.00618	58	57	0
note	182.946	0.0446428	38	127	9
note	182.912	0.0892856	44	127	9
note	182.929	0.21978	74	110	0
note	183.152	0.0480769	38	127	9
note	182.617	0.624999	36	110	1
note	183.272	0.0583791	38	127	9
note	183.609	0.0446428	38	127	9
note	183.609	0.0824175	44	127	9
note	183.224	0.587225	57	70	0
note	183.221	0.594093	55	67	0
note	183.214	0.607829	60	62	0
note	183.825	0.0446428	38	127	9
note	183.276	0.635302	41	103	1
note	183.2	0.800137	69	64	0
note	183.935	0.0686812	38	127	9
note	184.155	0.164835	76	103	0
note	184.244	0.0858516	44	127	9
note	184.292	0.0412088	38	127	9
note	184.389	0.0961538	74	110	0
note	183.935	0.559752	48	103	1
note	184.505	0.0480769	38	127	9
note	184.512	0.0480769	41	82	1
note	184.612	0.0686812	38	127	9
note	184.622	0.21978	64	89	0
note	184.941	0.0446428	38	127	9
note	184.907	0.0858516	44	127	9
note	185.079	0.0446428	65	93	0
note	185.151	0.0446428	38	127	9
note	184.591	0.662774	46	98	1
note	185.254	0.0686813	38	127	9
note	185.59	0.0480769	38	127	9
note	185.563	0.0927197	44	127	9
note	185.532	0.188873	81	82	0
note	185.281	0.453296	62	82	0
note	184.832	0.913461	57	79	0
note	184.832	0.923763	58	54	0
note	185.762	0.054945	79	79	0
note	185.814	0.0446428	38	127	9
note	185.257	0.611263	34	98	1
note	185.906	0.0721153	38	127	9
note	186.25	0.0480769	38	127	9
note	186.209	0.0961537	44	127	9
note	186.167	0.199176	62	93	0
note	-1	187.397	38	-1	1
note	186.174	0.233516	50	85	0
note	186.466	0.0412088	38	127	9
note	186.397	0.182005	55	103	0
note	186.391	0.199176	67	103	0
note	186.377	0.233516	43	110	1
note	186.562	0.0686813	38	127	9
note	186.6	0.171703	60	98	0
note	186.597	0.182005	72	103	0
note	186.604	0.199176	48	103	1
note	186.906	0.0480769	38	127	9
note	186.878	0.0927197	44	127	9
note	186.806	0.206044	65	103	0
note	186.81	0.212912	53	103	0
note	186.82	0.206044	41	103	1
note	187.012	0.0652472	58	89	0
note	187.009	0.0892856	70	93	0
note	187.143	0.0480769	38	127	9
note	187.026	0.182005	46	98	1
note	187.246	0.0652472	38	127	9
note	187.586	0.0412087	38	127	9
note	187.551	0.0824175	44	127	9
note	187.816	0.0480769	38	127	9
note	187.218	0.67651	51	98	1
note	187.211	0.772664	63	93	0
note	187.922	0.0686812	38	127	9
note	187.215	0.782966	61	89	0
note	187.218	0.793268	57	98	0
note	187.194	0.841345	66	98	0
note	187.201	0.837911	71	93	0
note	187.194	0.885988	75	98	0
note	188.255	0.0412088	38	127	9
note	188.218	0.0961537	44	127	9
note	187.912	0.570054	49	98	1
note	188.482	0.0446428	38	127	9
note	188.606	0.0480769	38	127	9
note	188.568	0.216346	55	79	0
note	188.575	0.212912	57	79	0
note	188.571	0.23695	60	76	0
note	188.894	0.0480769	38	127	9
note	188.908	0.0789834	44	127	9
note	188.812	0.233516	68	103	0
note	189.059	0.0824175	69	85	0
note	189.11	0.0480769	38	127	9
note	188.54	0.628433	50	103	1
note	189.172	0.0446428	65	85	0
note	189.217	0.0515109	38	127	9
note	189.268	0.195742	79	103	0
note	189.478	0.0961538	63	89	0
note	189.478	0.116758	57	93	0
note	189.567	0.0446428	38	127	9
note	189.553	0.0892856	44	127	9
note	189.474	0.216346	77	98	0
note	189.787	0.0412088	38	127	9
note	189.217	0.621565	48	103	1
note	189.89	0.0686812	38	127	9
note	189.79	0.291895	76	89	0
note	189.801	0.281593	62	85	0
note	189.794	0.295329	56	79	0
note	190.206	0.0480769	38	127	9
note	190.117	0.144231	77	98	0
note	190.199	0.0892856	44	127	9
note	190.24	0.171703	76	103	0
note	190.439	0.0412088	38	127	9
note	189.897	0.594093	46	103	1
note	190.536	0.0652472	38	127	9
note	190.467	0.154533	65	82	0
note	190.46	0.185439	61	79	0
note	190.453	0.212912	69	85	0
note	190.47	0.209478	55	85	0
note	190.855	0.0412087	38	127	9
note	190.869	0.0961537	44	127	9
note	190.556	0.576922	45	119	1
note	191.095	0.0515109	38	127	9
note	191.198	0.0961538	55	127	9
note	191.494	0.0755494	79	110	0
note	191.5	0.0995878	74	98	0
note	191.5	0.106456	69	93	0
note	191.727	0.054945	77	93	0
note	191.724	0.0789834	72	93	0
note	191.72	0.0858516	67	98	0
note	191.93	0.0755494	76	93	0
note	191.93	0.0824175	65	98	0
note	191.933	0.0858516	71	85	0
note	192.143	0.0789834	74	93	0
note	192.146	0.0892856	64	85	0
note	192.15	0.0858516	69	82	0
note	192.362	0.0789834	72	89	0
note	192.366	0.0892856	62	89	0
note	192.373	0.0892856	67	82	0
note	192.586	0.0789834	71	85	0
note	192.596	0.0755494	65	85	0
note	192.593	0.0858516	60	82	0
note	192.795	0.0824175	69	82	0
note	192.802	0.0858516	64	85	0
note	192.805	0.0892856	59	76	0
note	193.011	0.0858516	67	85	0
note	193.018	0.0927197	62	85	0
note	193.015	0.103022	57	89	0
note	193.238	0.0858516	65	89	0
note	193.245	0.103022	55	82	0
note	193.252	0.0961538	60	82	0
note	193.503	0.0927197	64	73	0
note	193.506	0.137363	53	76	0
note	193.513	0.130494	59	67	0
note	193.774	0.120192	62	82	0
note	193.788	0.10989	57	79	0
note	193.784	0.120192	52	64	0
note	194.107	0.157967	53	127	9
note	194.272	0.133928	51	127	9
note	194.423	0.3125	59	127	9
note	194.11	1.11607	50	64	0
note	194.117	1.1195	55	79	0
note	191.246	3.99725	38	98	1
note	-1	196.244	38	-1	0
note	191.253	3.99381	26	93	0
note	194.11	1.15728	60	70	0
